#2001,#2002,#2101,#2102,#2111,#2112,#2201,#2202,#2211,#2212,#2301,#2302,#2311,#2312,#2321,#2322,#2331,#2332,#2401,#2402,#2501,#2502,#2601,#2602,#2611,#2612,#2701,#2702,#3001,#3002,#4001,#4002,#4011,#4012,#4021,#4022,#4101,#4102,#4111,#4112,#4201,#4202,#5001,#5002,#5011,#5012,#5021,#5022,#5101,#5102,#5201,#5202,#5301,#5302,#5401,#5402,#6001,#6002,#6101,#6102,#6201,#6202,#6211,#6212,#6221,#6222,#6301,#6302,#6401,#6402,#7001,#7002,#7011,#7012,#7021,#7022,#7101,#7102,#8101,#8102,#8111,#8112,#8121,#8122,#8201,#8202,#8211,#8212,#8301,#8302,#9001,#9002,#9011,#9012,#9021,#9022,#9031,#9032,#9041,#9042,#9051,#9052,#9061,#9062,#9071,#9072,#9081,#9082,#9100,#9110,#9120,#9130,#9140,#9150,#9160,#9170
6.605132,9.595538,2.027401,7.67978,7.813892,2.751234,5.560607,6.323845,6.503643,11.045699,2.732718,-4.951771,6.24179,-4.189396,11.319123,9.000035,30.263285,-4.390346,14.804843,28.531475,14.950872,15.310459,16.544032,17.761008,13.311912,7.845191,10.082317,12.733432,15.321543,18.847114,15.760818,21.742587,27.890385,47.396608,10.158556,19.059544,14.757539,20.735867,1.846606,26.261763,15.297034,5.303377,9.386326,19.393072,6.320591,17.40636,17.122136,18.568442,1.62851,10.226387,7.999114,5.391247,10.287366,12.604696,8.295948,16.892443,10.282318,16.535401,14.657468,13.84412,5.850367,22.442272,31.813826,16.471343,8.089826,14.951249,16.554917,43.302667,25.998329,17.4849,7.58091,2.014221,20.686153,12.752381,25.962053,21.641829,16.05515,9.844207,10.595923,4.27078,25.946863,15.710669,2.424973,18.17231,2.87377,7.206069,0.938014,-0.068169,3.846095,7.092856,6.569754,7.170109,7.04071,1.229298,76.185338,52.468449,20.755055,42.715085,12.482631,17.565061,2.392292,-0.75066,-1.732612,-10.394775,-19.913956,-6.890207,-40.501589,-55.918614,37.007573,24.820391,42.178322,24.574013,15.876393,17.279529,17.077457,32.099236
17.181624,20.28672,2.20587,6.591287,7.813444,4.65206,5.113224,2.199473,5.055308,10.924396,19.735096,2.562854,6.60766,-3.558599,17.608531,7.560973,48.084102,1.618171,25.951698,46.616803,44.951721,22.69632,10.044203,28.420865,10.123723,12.17474,16.684487,18.085171,32.709162,30.580557,8.749484,23.252509,32.668706,66.074298,16.367884,26.708672,23.374072,26.046278,14.256641,32.926646,39.207749,18.653084,18.422943,24.996334,7.445417,17.887469,32.858264,44.340717,4.159767,12.524228,14.374233,6.826026,22.015187,16.827231,15.333467,24.242046,15.223051,22.666837,22.012669,18.090746,14.314488,32.462693,44.489832,18.399089,8.101716,18.266112,20.990357,56.080607,27.547542,57.197786,6.017913,14.883669,33.816764,14.381949,33.115777,32.033031,22.618539,26.085906,-6.755197,15.332942,26.366402,26.24353,7.305975,26.47997,5.756253,18.685423,2.592999,0.468832,5.185326,11.222176,10.131912,10.16803,5.278141,4.954694,92.806902,61.539141,28.334397,50.902092,16.593279,22.498332,0.565896,4.625987,2.562486,3.885963,23.592102,37.968546,-28.951155,-33.470571,54.273093,49.796419,76.223794,40.035168,32.855549,38.198168,15.421145,30.996567
19.125875,20.122863,3.416345,2.440205,6.870215,6.38,2.395768,-3.324371,6.228316,11.125401,25.811219,9.208322,1.332481,-3.861533,20.498833,6.961765,43.463267,5.899166,26.020149,41.663834,51.215518,11.796941,-6.795778,24.424914,3.774027,10.21521,17.767568,15.136251,35.282829,30.861451,-5.673634,8.915243,15.656899,46.77371,14.174271,25.869893,24.285488,15.717147,21.551112,21.881789,50.54621,19.61322,20.822575,23.24477,3.893366,10.961213,36.700336,56.398321,7.589241,9.110734,18.758579,5.981066,26.056589,15.964161,15.75294,21.159557,10.389499,16.338286,16.796521,8.935126,17.883753,21.659682,32.106011,7.402348,11.467168,14.101858,11.078795,38.253348,17.942845,83.360612,-5.952637,18.793853,32.051371,7.140289,23.39166,31.310207,18.154269,32.373544,-22.181195,24.207353,14.964564,30.045378,12.017956,25.964274,9.873939,26.859296,4.036727,1.038455,4.641928,8.594006,8.172954,8.227174,-0.061624,8.277157,71.800717,36.196258,25.477034,34.99813,15.312248,16.462817,-3.444422,7.977751,6.654515,19.096186,65.827363,68.00078,8.954026,21.47202,45.62043,54.012759,76.131304,39.706236,37.587771,46.702203,15.782687,9.912486
11.228157,9.419855,4.636907,-0.354347,6.553346,7.692906,-1.283722,-5.684103,13.489389,16.628595,14.813019,10.370864,-5.739492,-4.867655,19.885251,10.224948,21.049154,6.504112,16.31167,18.767127,30.138481,-9.567877,-20.718147,6.655604,2.959744,3.653862,12.950482,5.896854,21.451373,23.735567,-15.363125,-12.004324,-11.459731,0.479257,5.701702,13.788739,15.840545,-0.03089,16.266105,1.642572,37.558083,8.260364,16.851639,17.319322,-2.251477,0.207785,26.648032,46.839127,7.542483,1.702579,17.854564,3.03106,15.377899,11.962933,7.245044,11.136261,-1.211717,3.588665,-0.705493,-10.167175,12.83123,-4.284934,3.744741,-7.959421,15.618764,3.168197,-8.669187,-1.880503,4.933108,74.382963,-19.88696,9.258492,19.680379,-2.177731,9.014885,22.375166,8.258846,25.334116,-23.642837,26.61472,0.171849,27.651145,12.261806,15.198874,13.010696,24.926621,3.639481,-0.36194,1.850602,0.312323,2.091912,2.124636,-5.318021,8.157242,32.566708,-4.433399,17.16138,10.409716,8.790647,3.323165,-6.152114,6.634295,7.106664,23.318152,76.061125,67.113423,41.316502,66.815642,17.575549,36.151789,45.150601,25.833333,21.714605,35.373626,18.675833,-15.698397
-0.149024,-2.362688,4.853811,0.495388,6.100793,7.204743,-4.01439,-3.834279,22.881508,24.573331,-2.463285,8.191165,-9.167112,-1.927103,17.089959,15.001448,-1.991724,8.379881,4.026641,-4.635879,1.673285,-23.122528,-21.081806,-12.543497,7.072736,-1.389978,5.594429,-3.479672,3.886561,16.951442,-14.084796,-25.311777,-27.8613,-38.246847,-1.923554,-4.822856,2.051749,-7.258083,2.152239,-12.370052,9.457049,-5.244567,11.257121,12.061605,-6.782839,-8.636209,12.054026,24.949948,1.853806,-4.851801,10.664564,-0.223109,-3.587627,8.520656,-4.726082,2.541103,-11.297596,-4.192944,-20.615024,-26.443183,2.135348,-25.790266,-18.320795,-13.599214,13.538991,-9.97111,-24.559609,-38.486018,-4.828717,36.607802,-25.955633,-6.131864,7.37766,-6.909616,1.352206,9.7359,0.921454,10.001149,-12.142819,21.000404,-10.846108,22.145438,5.075395,0.057802,11.63246,13.151979,1.044991,-4.414743,-2.102445,-7.376622,-2.881461,-3.373677,-7.170726,4.284993,4.09502,-27.510318,11.479186,-2.880392,0.477811,-7.372914,-5.017831,1.923961,3.713696,14.057185,49.637088,40.679422,41.752656,69.17953,-7.388319,12.589214,9.7328,9.661239,-8.555518,10.413214,20.500036,-21.13543
-8.582455,-7.231933,4.097822,2.799362,2.73391,3.348263,-5.043433,-0.743117,24.840332,26.423956,-9.707481,7.757678,-8.027768,7.532096,12.286224,14.91835,-14.935297,15.352464,-6.098423,-17.939996,-12.166739,-18.063212,-10.822601,-20.498666,7.332215,-0.229531,-0.029936,-8.090765,-5.830769,12.346199,-8.229765,-26.089957,-24.911068,-46.945135,-4.373429,-23.363791,-10.990465,-2.131503,-9.556532,-12.193999,-13.394476,-11.027264,7.090153,7.853529,-8.735006,-13.620492,3.4012,6.558624,-6.93303,-8.122201,0.235962,-2.389028,-16.104603,6.26553,-11.286676,-0.213697,-15.331871,-2.936851,-32.675137,-30.42982,-7.842117,-29.085254,-22.321435,-6.376234,0.73129,-19.279316,-26.465725,-49.921185,-12.514024,-2.34706,-22.552566,-15.782582,-0.670124,-7.077859,-1.608253,-4.453391,-2.566457,-5.754673,-3.276172,9.05947,-19.16741,13.94848,-7.466133,-10.493611,4.645315,0.043034,-2.138303,-8.258907,-4.917711,-9.303534,-3.521132,-4.791827,-5.862449,-0.537398,-2.022615,-18.704455,10.744309,-0.068686,-6.580009,-9.469566,-1.668246,-2.884854,-0.150054,0.591882,11.851742,10.567855,15.502605,37.24596,-11.4478,0.48343,-9.576999,-0.583408,-36.62373,-11.84369,18.235997,3.940405
-13.472138,-6.490795,2.822177,2.861228,-4.812625,-3.360203,-5.503904,0.26984,13.397663,17.598331,-2.924539,9.882079,-6.866843,17.733646,4.24427,6.32828,-21.489745,22.084678,-14.69595,-25.118101,-8.111086,-1.408989,-1.68713,-14.471042,-0.360459,5.808916,-2.151479,-7.54055,-9.151061,5.717589,-7.580701,-20.873722,-13.107003,-35.609606,-3.512729,-38.641966,-19.204893,7.609028,-11.364742,-2.835482,-20.566619,-7.727159,3.174554,0.700649,-11.477731,-17.65355,2.063984,-2.048826,-14.050931,-10.340038,-7.848474,-4.090586,-14.904438,2.340201,-8.418364,-0.177317,-16.091813,0.448426,-35.223032,-25.470247,-13.482878,-18.555992,-17.028246,1.329498,-18.267196,-20.816308,-17.253618,-36.29344,-22.785186,-22.747346,-15.852503,-15.170627,-9.122724,-6.555067,-7.965318,-17.803587,-6.851224,-16.446659,-11.1977,-4.395288,-29.179523,0.976312,-18.008094,-11.696391,-3.884993,-4.95725,-3.568104,-7.160464,-4.410867,-6.226649,-2.255822,-4.0639,-4.334387,-3.289398,2.166875,4.714527,10.100424,6.519939,-12.055022,-5.708153,-0.283174,-5.819619,-1.108344,-5.679496,-8.048614,-2.941658,-8.835845,9.134289,2.606401,2.215222,-16.130351,-6.27763,-48.24603,-17.788162,11.692675,40.909602
-17.67772,-7.198776,0.500527,-0.248623,-13.324616,-9.413173,-6.913532,-1.634736,-6.503464,3.121988,6.13354,9.825493,-9.652933,17.858269,-6.853961,-6.735401,-28.307312,18.902083,-22.414001,-32.960704,0.712796,10.493662,0.124816,-1.589309,-8.231055,10.239328,-2.204578,-4.46071,-14.257582,-4.255544,-11.611514,-16.772458,-7.424451,-29.136669,-3.080835,-49.072935,-21.443114,13.104061,-5.859713,5.259269,-19.052222,-1.084698,-1.847289,-10.801684,-17.422974,-23.4027,1.484701,-6.783833,-17.042211,-14.174556,-9.747459,-6.837797,-8.134751,-4.91724,-0.7247,-2.5375,-17.966227,-2.327134,-34.062254,-22.651253,-15.834818,-8.883414,-17.066766,-3.985197,-31.714854,-16.087305,-8.61593,-16.723289,-34.23125,-30.236021,-10.847265,-8.734115,-20.868075,-5.790859,-16.123147,-24.455557,-13.292871,-19.372265,-30.440047,-12.811334,-38.525313,-15.466967,-18.892521,-6.443518,-7.046083,-0.602197,-2.278095,0.480225,-0.1989,-3.036642,-3.923178,-5.795865,-4.393663,-3.425278,-1.116632,14.136767,4.746528,3.997196,-16.365744,-3.602746,-2.699562,-6.692498,0.840764,-2.115301,-4.71667,2.951384,-11.343761,8.3096,16.259032,7.547308,-24.109418,-12.524734,-40.409667,-7.549198,2.135258,56.016514
-21.314542,-12.804603,-4.382013,-4.489415,-16.755874,-10.652,-8.96209,-5.860624,-22.109521,-7.634708,4.671268,3.318485,-13.845111,3.06915,-17.380739,-15.587279,-31.378861,5.346447,-25.15721,-37.478127,3.710613,9.44815,-0.165767,8.718054,-5.960854,6.300042,-2.435912,-1.10667,-21.422676,-11.189512,-9.635966,-13.038322,-9.828501,-35.520148,-3.527527,-50.46648,-18.286265,12.568605,-1.419319,6.644667,-20.006878,3.03372,-5.539888,-21.016844,-23.268155,-28.999337,-3.492766,-13.909424,-17.528591,-17.837721,-6.905651,-10.54043,-9.332065,-12.674595,3.254166,-7.847787,-20.21975,-10.381338,-33.53826,-27.02098,-17.02501,-8.515848,-23.156763,-20.2491,-30.798996,-12.375795,-8.464292,-10.807225,-37.990526,-42.176519,-5.593739,-2.474014,-28.779423,-1.089538,-14.116797,-18.901775,-15.532212,-13.36365,-38.034247,-11.825136,-37.456117,-27.67426,-8.963022,-1.730175,-1.614778,4.705276,0.389898,10.072701,5.443216,-2.927546,-9.402706,-10.635414,-4.815997,-2.58096,-15.752297,0.206751,-3.873137,-6.307266,-17.862078,-6.571477,-6.109182,-5.334208,2.819986,4.531724,2.776673,13.691387,-0.004983,19.188506,14.705047,8.072041,-34.536846,-18.691142,-19.98598,6.139468,-8.723162,32.851905
-20.621624,-19.586175,-12.290402,-8.441008,-11.709752,-6.186336,-9.388584,-12.41982,-24.059364,-10.853184,-6.161274,-7.804702,-12.374974,-18.776947,-22.494362,-15.420988,-20.382584,-5.470613,-18.094106,-28.173441,3.457659,2.480372,4.454228,10.564844,4.789292,-8.275089,-3.339487,1.807798,-21.186045,-8.17313,4.121208,-6.055965,-10.014053,-39.315849,-3.166017,-38.548835,-11.764198,8.484967,-3.541248,3.097311,-23.314615,2.85606,-4.490282,-22.764725,-22.883119,-30.504258,-11.617087,-20.919848,-18.733191,-16.759679,-5.117936,-13.056698,-21.013775,-16.678521,-0.645765,-12.241482,-18.292388,-15.386372,-31.0796,-31.748308,-16.532168,-13.921758,-22.595056,-31.472142,-18.55776,-17.506806,-14.139286,-22.784188,-27.988908,-62.090942,4.344384,1.989103,-22.543626,8.03066,3.149426,-3.981874,-7.204552,-0.341511,-17.790104,-3.599692,-20.569836,-27.61839,4.337082,-2.085405,7.520921,1.208129,2.003768,14.068967,8.480966,-4.562565,-14.126951,-13.483408,-3.850745,-2.364423,-31.176672,-20.076569,-10.663,-12.509193,-14.225347,-10.62595,-6.367214,-1.189572,2.384432,6.848775,-4.387744,13.030973,2.711528,10.345943,-0.242426,5.311992,-33.589753,-18.570771,2.956221,10.012282,-17.748845,-9.85913
-13.26187,-21.88606,-20.659824,-13.253259,-1.172909,0.197863,-6.528264,-20.800753,-14.320656,-10.948416,-13.555114,-16.758086,-1.983493,-32.844369,-20.670704,-10.077263,3.77854,-0.077236,-3.957687,-5.059298,7.068882,1.993435,10.985462,2.271011,10.474299,-29.115512,-3.771533,3.677676,-8.588155,2.033893,19.680962,0.718185,-1.64098,-25.98632,-2.980204,-16.8725,-5.900432,1.035344,-10.976876,-1.866421,-19.593918,0.092837,-0.387002,-16.731451,-14.886735,-27.435544,-19.246599,-22.02908,-21.495006,-10.11304,-8.985416,-12.425292,-31.604414,-16.82122,-8.65748,-13.257715,-10.87195,-12.781525,-21.302566,-27.113219,-12.090199,-17.525329,-8.598714,-26.128102,-7.762366,-31.235356,-17.722631,-41.041574,-10.37403,-74.848933,17.642468,5.097719,-2.827781,14.290556,22.396567,8.289858,7.759457,12.48663,18.932307,3.927437,3.286135,-16.280973,10.800495,-6.506522,10.847652,-12.18775,1.284805,9.110378,5.735255,-4.960341,-13.522602,-9.655223,-2.616461,-3.078826,-37.476814,-25.467606,-13.957238,-8.001197,-6.916801,-10.076756,-3.043947,4.720209,-0.329363,3.945197,-24.092252,-1.022643,-12.285646,-23.284671,-15.560413,4.5067,-15.142802,-10.123114,19.720656,1.599171,-20.693152,-36.078751
-2.497919,-18.2045,-24.745813,-19.86545,7.86553,3.184692,-1.779594,-27.06156,-2.884541,-13.307263,-8.80207,-17.53217,11.857064,-29.923587,-15.10583,-7.367544,22.857355,18.847894,6.349146,15.459228,13.127072,11.722854,8.926898,-13.949909,2.110936,-46.235645,-3.206672,3.159172,6.481535,8.311174,20.183823,-2.01288,7.862541,-3.317675,-6.574399,2.106975,-5.115407,-10.853246,-18.346737,-7.103741,-5.391355,-1.649323,0.316233,-11.561935,-4.880892,-22.847487,-25.20584,-18.864813,-22.577813,-3.003042,-16.511034,-8.66416,-29.191545,-17.127969,-13.401116,-12.600973,-2.529725,-7.507998,-3.729727,-12.74262,-3.614802,-15.525509,7.603399,-9.713929,-8.63725,-41.444557,-15.277309,-49.51327,1.075962,-66.9638,26.349591,4.426559,16.11595,9.454484,24.654075,7.379062,16.979886,15.859954,41.662593,4.655521,17.181634,-4.342106,6.619097,-10.938908,3.598459,-26.198248,-0.753973,-0.336039,-2.270947,-3.621389,-8.519224,-1.462606,-4.214489,-4.155469,-35.970166,-14.137603,-16.873904,0.672761,-1.900353,-4.860144,0.008741,8.870315,-3.461909,-0.098916,-38.148196,-15.602562,-30.905399,-50.439611,-21.572529,5.064372,4.771325,-1.075679,24.63982,-10.469232,-15.778865,-28.290915
5.544176,-11.020993,-21.389048,-25.356581,10.72131,0.824627,1.042316,-24.945982,2.4942,-16.727416,3.002186,-8.789989,19.698191,-13.281377,-10.108701,-9.96482,18.436114,33.327621,4.005745,16.412936,12.764131,24.154056,-5.249472,-30.723542,-12.409935,-48.673981,-2.996046,-0.292744,8.955358,3.94529,1.371217,-16.445475,6.428489,8.221512,-13.877738,8.515743,-10.196514,-22.629516,-20.332431,-11.991589,9.633768,2.108952,-5.184814,-12.454827,1.3245,-17.306351,-28.792159,-19.430483,-16.904707,-0.277022,-19.739655,-2.748721,-15.14753,-19.275458,-11.147159,-12.203983,1.931022,-6.922939,15.375171,2.208465,5.137756,-6.708126,8.760243,3.589473,-18.433378,-32.1675,-8.942094,-39.341521,-0.262177,-44.203822,23.931683,-3.647315,20.460593,-4.496953,8.193702,-4.574722,13.261398,6.871457,32.083772,1.691294,13.308765,-1.722046,-2.148641,-12.511981,-8.435976,-29.572155,-1.866853,-6.172094,-10.703228,-2.515245,-4.035169,3.787794,-8.941128,-4.780989,-34.124942,-1.907843,-21.150287,2.685258,-3.777365,-0.534157,-0.566054,8.084714,-5.371512,-2.321392,-33.555032,-17.563864,-32.920868,-38.498758,-18.805448,1.160915,4.418666,-1.300233,17.286165,-16.030588,-6.663779,-2.838982
7.815591,-2.831269,-12.3059,-24.370491,8.565365,-3.850257,-0.833465,-12.428455,2.19593,-15.23433,10.108263,6.252054,17.43865,5.775933,-6.909227,-12.371875,-6.314827,29.051179,-8.000258,-0.504334,2.338721,30.02257,-20.681323,-37.052178,-17.078829,-32.112211,-4.844413,-4.776334,-2.635322,-5.205106,-22.019584,-30.669166,-6.9273,2.307492,-17.763436,6.924786,-16.4469,-24.217722,-14.149108,-13.665903,13.117625,13.402589,-10.326236,-12.689331,4.915459,-6.24279,-25.739956,-25.650987,-2.194917,0.276556,-12.193533,5.24277,-1.492146,-18.392458,-4.777874,-10.100538,3.459496,-10.743975,28.31983,10.511948,9.327481,10.478028,-6.880698,8.55728,-23.943875,0.698213,-1.672239,-13.632985,-6.620218,-24.27092,12.297226,-16.774715,11.00928,-14.881533,-8.556379,-15.094217,3.233456,-6.681349,3.723237,4.914207,1.24493,-7.469942,-5.962233,-11.112263,-13.904995,-19.580293,-0.857402,-4.553499,-13.515454,-2.613985,-2.512316,2.617319,-11.962608,-3.924974,-34.162217,-0.313072,-22.881679,-3.752799,-9.857225,-1.411672,-3.274517,3.422808,-5.271187,-3.124915,-14.509766,-7.112686,-13.835372,7.571057,-12.701821,-9.382651,-15.559002,-10.651252,4.501339,-12.523866,0.098185,10.961272
5.951372,5.015413,-3.184648,-15.216039,5.663973,-6.184365,-6.23942,3.560797,1.031815,-6.707698,7.875987,21.325259,9.788766,17.41019,-3.99248,-7.731138,-27.716353,10.871483,-17.868754,-16.687833,-10.809502,27.187861,-22.862465,-26.386067,-7.840081,-4.697085,-8.31045,-7.210977,-13.185436,-8.388659,-31.544772,-29.959926,-19.99959,-5.471115,-10.840305,11.926535,-17.790515,-11.382378,-1.243596,-9.40058,3.913253,26.569952,-5.76097,-1.34959,11.708253,13.069661,-11.857942,-27.896108,17.716671,5.427249,3.659774,15.332588,3.634124,-8.294225,-0.258265,-3.216658,6.50646,-11.619619,31.630832,14.876296,7.152251,33.624424,-21.898644,12.880091,-14.904756,41.052518,6.469462,14.849042,-5.739683,-16.023331,-0.591058,-24.800276,0.427435,-11.558945,-9.995696,-15.76191,-0.843405,-13.136629,-12.891471,19.336125,-3.209356,-11.902783,-1.907348,-8.06685,-7.66078,-4.707277,1.080673,0.899118,-8.508437,-2.24926,-1.215466,-0.212718,-7.791661,-0.83133,-30.627508,-3.346204,-17.500086,-10.219405,-12.483382,-5.639864,-3.225632,-0.259341,-2.82522,-3.342738,5.653714,4.129694,12.492703,48.130332,-6.345846,-20.982436,-30.224801,-18.346811,-2.961732,-5.377168,1.201613,2.715286
2.734385,10.409759,1.299323,-3.25339,4.079907,-4.491376,-10.511512,12.059835,1.047447,3.074777,2.161382,28.739622,4.617322,18.750178,-0.938101,3.377153,-26.494636,-3.229731,-17.663024,-17.663097,-17.478325,19.798746,-10.344024,-4.959437,1.616161,16.057923,-10.469997,-6.550239,-9.337303,-3.974242,-24.020999,-14.587575,-20.896273,1.119085,4.20293,29.655672,-13.294075,5.282038,11.767388,-1.580572,-8.504343,28.660977,7.974915,20.309313,22.723612,33.092095,7.801927,-16.990022,34.321068,16.736285,17.321745,24.878972,4.117759,9.051698,-0.811752,6.206587,11.724303,-5.244716,27.127063,22.689969,1.372836,51.109969,-18.92655,23.233781,5.423491,63.110992,15.863341,31.375597,3.933402,-12.569144,-8.802704,-18.730411,-2.200252,1.223264,-3.071475,-11.375065,3.668155,-8.894827,-2.913117,37.143369,4.395438,-8.16634,3.308463,-4.765991,3.238358,2.887387,1.361224,3.765288,0.196874,0.381085,2.998615,2.028712,2.746895,3.61857,-18.607828,1.403836,-7.869088,-9.168755,-7.969598,-7.96319,2.220304,0.435649,1.649495,-2.110681,18.923866,7.397043,29.454286,50.277948,-0.223214,-26.37818,-20.086576,-15.864293,0.457348,-0.989568,-0.914796,-12.136742
-0.362672,11.06539,1.930485,3.770418,2.315861,-0.8911,-8.8143,9.52845,-0.148553,6.478488,-0.054065,23.162311,5.39398,13.107342,0.065664,12.678493,-8.007513,-2.249463,-10.479055,-7.108607,-17.307021,11.92566,3.46744,11.027048,-2.965382,16.446553,-8.3637,-4.698807,3.752681,-1.02675,-11.842157,-1.05178,-9.718829,17.675801,14.718686,47.433039,-8.104546,8.753265,16.243868,2.667655,-16.92462,10.785608,18.215508,35.638589,30.43122,39.864094,18.421088,0.900744,40.450397,26.300839,20.080757,28.557115,8.816439,22.265348,-4.366278,10.575224,14.419896,4.100189,20.257809,35.306277,-2.521757,49.140916,0.69548,33.334042,23.332781,53.839195,24.192941,29.928765,12.033801,-4.078071,-11.91775,-1.306477,0.379068,9.657587,-6.623878,-11.783208,7.370424,-1.416483,19.54629,44.181917,14.175305,1.015162,1.218405,-2.596849,6.735916,-1.720376,-1.388696,1.806624,5.479701,4.336429,8.112796,8.777696,11.840373,6.651767,-0.757913,13.376275,-3.196449,-2.319875,-1.08073,-5.938243,10.241588,3.494013,6.482359,0.911566,25.937042,6.318942,31.269799,20.32129,4.202215,-24.033617,4.410909,-7.230422,9.158399,-0.322901,-2.200839,-14.878053
-1.351982,8.685048,3.965614,4.028845,-0.938923,2.063789,0.265319,4.787206,-4.714244,2.646567,0.70726,7.057532,9.864688,6.654182,-2.431079,13.099008,5.832399,7.151243,-3.976318,2.801721,-16.039269,4.754685,6.134767,10.2922,-17.098219,-0.32444,-1.690583,-3.434198,9.23077,-5.668132,-5.990934,-2.648646,4.711517,26.250882,11.365331,46.770737,-6.627915,-4.649345,9.293507,-1.167748,-23.036282,-18.480961,13.749071,30.251147,26.786763,28.386502,9.692234,8.49745,35.79204,24.854515,13.92417,23.0046,19.71002,21.097248,-5.960489,5.573436,11.658548,10.099763,18.416159,46.076712,0.232353,28.198564,20.574509,31.053144,27.643238,25.60852,28.72865,19.912508,10.85909,10.441527,-10.90743,14.323485,1.589284,6.961441,-23.032853,-16.263009,2.910014,1.062948,30.795995,34.858131,16.140702,8.837249,-8.036248,-2.75213,-0.934056,-11.701322,-5.52787,-1.52044,3.981589,7.047766,8.880687,12.288168,12.505305,6.116527,15.232661,17.695253,-7.787861,3.395571,1.358346,-1.618806,15.377159,4.124436,9.225297,3.136856,28.492842,11.019449,21.930857,-7.601965,5.103336,-17.336335,16.118466,-2.947738,11.90488,0.927844,-2.141443,-5.688632
3.436054,9.763162,10.91739,3.62749,-3.533264,4.438401,13.103723,9.676368,-10.843169,-2.118372,-0.828963,-8.435548,14.390276,5.268589,-5.641613,6.46826,2.536353,10.288632,0.295603,9.773107,-14.342296,-1.331589,0.022603,-1.468815,-21.156494,-14.966778,6.802698,-1.25983,0.609939,-10.615941,-4.284986,-12.267693,15.875977,20.311636,-0.344449,26.230005,-5.935636,-17.871469,-1.196044,-9.048723,-29.160888,-35.079837,-1.037983,10.563812,13.414596,11.097886,-10.004309,-1.126717,26.038989,12.814059,9.085823,11.152645,29.921852,7.284236,-2.348549,-3.141068,7.957644,13.303471,27.457631,48.661008,10.278902,7.736178,28.350764,15.459025,18.679634,4.700406,30.697103,19.892468,6.650634,27.716275,-4.230114,17.871191,2.071317,1.187704,-30.807163,-11.546459,-3.336428,0.479795,24.040048,17.911766,12.589849,13.447334,-14.750092,-4.867748,-10.800255,-14.553424,-7.408724,-2.082676,-0.473711,7.935218,4.435993,7.70926,6.47475,3.495316,23.646214,4.334016,-13.637566,5.011499,-0.098538,2.429784,14.844686,1.044613,8.750176,1.605652,25.155187,24.828556,6.958494,-9.888912,4.524805,-8.935533,6.327532,-5.096576,4.25413,6.668469,-3.38369,0.143707
14.915105,18.376944,19.209739,8.994082,-2.074899,7.763841,22.379288,24.469132,-14.976133,-2.488011,-5.981954,-11.848161,17.066401,11.150646,-4.689419,0.948719,-8.416477,1.029572,7.241766,22.232506,-6.110718,-5.756618,-3.041381,-7.296644,-3.922704,-9.017438,13.078252,4.878834,-9.625803,-3.664278,1.159954,-9.854111,22.954698,12.961452,-5.440677,5.826065,1.501218,-10.584602,-2.575649,-12.066047,-28.640696,-21.090316,-9.98413,-1.773143,0.466429,5.590724,-19.548295,-13.079032,15.991041,-0.115206,11.754064,0.025494,32.022818,-7.540625,5.152009,-5.500387,10.225907,19.004365,45.143136,43.478292,22.340406,7.355142,25.673164,0.239881,4.920378,5.905542,33.740568,39.278935,11.767082,49.314737,8.863672,12.007646,7.312199,3.833357,-11.62377,11.198742,0.895365,5.750896,11.846086,5.474543,12.796045,17.847834,-10.044424,-6.278323,-11.275954,-3.767499,-4.700585,-0.157209,-1.112855,9.066779,1.076058,0.149082,2.459463,3.009626,22.791538,-16.775474,-8.429146,4.899719,1.982624,6.30629,10.38147,-1.693497,6.411503,-2.059363,16.186288,40.058102,-9.127362,6.215539,7.947467,-0.066714,-3.857603,-3.830614,-6.456223,15.140922,-7.426702,-7.027119
25.919952,28.366447,20.086645,18.15342,2.79576,11.398326,21.337519,35.422435,-16.16479,-0.196449,-10.065809,-2.808948,16.51191,20.130068,1.208456,1.296674,-10.002786,-13.963357,18.140744,41.369422,9.457596,-10.062651,1.288914,2.100888,22.438632,17.296267,13.811969,14.12488,-6.381594,14.19967,9.717667,12.990357,24.900611,17.298792,2.937797,5.241043,17.742047,16.137767,8.884803,-6.44198,-11.645064,14.084176,-4.302174,3.940205,-4.932725,13.39275,-8.506302,-7.237537,4.498642,-6.783192,15.733722,-6.483444,24.718189,-14.829716,11.565016,0.266462,17.509499,26.654748,57.813978,34.232252,27.27009,23.242908,19.542983,-2.46007,-6.707413,19.207674,36.996283,64.720426,26.815735,76.56866,22.350588,7.242699,15.633467,13.352559,21.350137,40.342486,15.167346,18.343918,6.430468,-1.224523,18.191658,21.661213,3.537165,-4.088989,-1.723881,14.291995,0.974699,0.386592,3.742773,11.347714,4.972333,-1.260683,6.033305,6.502693,12.008866,-25.097517,8.702283,3.912484,10.865817,10.653323,5.394149,-0.148913,4.371633,-1.919791,8.389638,47.385384,-19.728787,18.970271,16.960798,4.993276,7.928041,8.597781,-10.151761,19.187989,-13.286135,-21.645934
24.750193,26.994489,8.342903,21.924636,5.378301,11.680667,9.254029,29.38891,-15.883154,-0.440453,-9.237902,6.492365,10.511514,23.483661,6.520296,3.547887,0.736071,-25.133436,24.999945,51.041783,19.621879,-18.025827,4.16001,17.645025,34.884007,44.629724,7.728562,19.544188,8.052126,25.40419,12.491941,41.367918,17.849938,26.757369,14.911051,20.694946,34.153543,37.500321,21.739005,1.916714,18.500375,38.49762,5.954023,12.456728,-5.66499,16.582502,8.988466,14.964617,-11.725721,-10.324149,9.084488,-11.053632,11.104387,-17.187101,12.083337,4.011999,20.001807,26.924464,48.828158,21.589998,18.624479,30.057646,10.932096,2.936301,-14.925004,22.505962,33.24289,69.226876,36.515127,97.446369,25.278661,8.128499,15.630737,15.348812,33.331397,50.969302,22.371992,25.662642,6.759377,-10.983763,19.273941,18.175075,13.522514,1.349077,6.487348,25.263218,4.986527,-2.657627,7.821484,11.5593,13.136525,4.568698,12.892938,9.983063,-8.490987,-13.31342,23.247428,-1.780869,18.392468,13.15546,1.657974,3.629359,2.937784,5.230868,9.778183,46.365102,-17.675285,18.997032,24.581208,-0.220538,33.271124,24.16727,-6.225528,12.451911,-20.583124,-33.669426
7.548902,9.434688,-10.325878,14.939185,0.825035,5.903267,-6.060386,9.89251,-13.596407,-3.7549,-5.884953,3.885578,-1.413828,15.267248,5.239578,0.276914,10.670901,-29.489489,19.113726,33.912585,9.413117,-29.865796,-2.761223,22.890927,24.927106,53.015407,-3.31398,13.796211,16.743236,14.685068,7.279804,53.795203,2.33324,23.894988,15.845427,28.750948,38.754899,30.538272,20.208307,4.205342,41.0771,28.234694,3.52751,0.284097,-7.769479,0.077338,9.385438,28.196624,-29.1338,-17.031263,-10.287034,-17.571641,-5.463885,-21.601834,6.041064,-4.197722,10.799598,13.314528,15.211952,4.898957,-0.716244,10.055064,-2.438672,1.899434,-19.516239,6.316066,17.719358,39.97413,26.966593,90.307044,12.664065,8.287206,-0.052747,0.718713,8.60779,30.912213,7.991258,13.640245,7.846553,-27.361793,9.378563,3.258242,10.383717,5.898391,3.333083,20.030888,3.879477,-6.770827,3.490982,5.463768,15.013705,8.341792,13.912175,7.25577,-32.713041,3.195001,20.310529,-13.815454,12.947954,10.108814,-0.761798,3.410805,0.520806,14.354307,19.097755,43.660228,-3.677416,12.855859,21.84905,-14.593757,40.616529,25.644207,-3.241974,-3.302428,-30.490931,-40.24511
-14.257554,-12.510169,-21.815677,3.952788,-8.32924,-3.290949,-12.671862,-4.676525,-5.388261,-4.506113,-4.789577,-8.99267,-14.636163,-1.197615,-1.425412,-10.088691,8.487763,-29.537618,4.098713,-3.779126,-18.080899,-37.146786,-12.229276,14.537637,6.835888,40.677354,-13.912196,-2.202153,10.06305,-11.373742,6.309391,47.436294,-10.741543,6.528205,5.150645,13.388137,28.81493,-0.240226,2.093535,-0.890567,36.452253,-7.078257,-14.298597,-32.793921,-9.471203,-25.769113,-11.390421,12.277567,-35.425805,-23.993201,-28.39243,-23.445728,-20.461981,-26.940225,-2.040716,-19.774009,-3.868906,-5.995194,-25.051985,-10.636163,-19.260626,-24.453888,-15.500794,-10.172308,-16.815982,-16.507101,-2.339125,-3.409447,4.010629,49.244843,-6.713944,0.608194,-21.939543,-20.644778,-27.494382,-3.473605,-19.714273,-14.507359,13.959529,-39.919893,-3.691824,-15.101431,-1.941023,5.751886,-7.486252,4.198104,-1.060095,-7.411044,-8.640839,-5.798854,4.707644,1.944172,6.331011,-2.321337,-47.481112,3.600264,2.228426,-24.336268,-5.171032,2.094306,-1.684716,-3.234516,-3.479452,16.18243,24.389656,41.486066,9.650033,4.563344,9.317851,-23.732396,15.383875,8.067894,-6.129247,-16.770949,-40.557276,-41.091106
-23.086235,-20.650714,-15.397686,2.527853,-13.389471,-9.014068,-4.288535,-0.452831,10.532512,1.565059,-5.885054,-18.208078,-21.546387,-15.636698,-5.277544,-20.940589,-1.759953,-27.450379,-4.46759,-32.302303,-39.070179,-28.077911,-6.680336,7.570039,-0.154091,23.845085,-17.260293,-17.642843,-2.163914,-29.379439,22.608635,40.527433,-8.245083,-5.66495,-1.782286,-15.71414,14.148683,-26.750702,-16.906445,-5.55249,8.854166,-32.898355,-30.829259,-57.893444,-2.419549,-32.499283,-30.242658,-20.7889,-20.651843,-19.844842,-27.880269,-20.437741,-25.72194,-22.752139,-5.596983,-25.724253,-10.382664,-14.08726,-47.33876,-14.635378,-26.566528,-44.44643,-16.892689,-21.113364,-3.369322,-25.850599,-12.006299,-23.57523,-11.298295,0.430231,-16.818391,-10.725021,-31.280585,-29.023231,-35.658275,-22.152068,-35.452304,-37.097184,31.900515,-36.178516,-6.038314,-21.775533,-9.672027,2.053601,-12.193001,-6.341977,-4.684892,-3.036402,-18.197278,-14.421722,-10.337391,-10.197103,-2.467036,-11.313493,-41.710111,-13.91321,-12.387132,-21.240844,-20.306756,-4.309123,-0.654799,-10.857166,-6.838933,7.141313,14.40644,31.373871,7.687609,-14.310749,-1.922623,-11.818819,-18.174748,-11.389408,-7.813118,-15.081747,-40.487663,-28.312455
-13.365054,-10.39977,5.796446,16.368348,-8.397796,-6.715191,13.026382,16.311616,27.762517,10.453545,-4.484308,-13.892629,-18.80111,-20.838824,-0.20855,-24.449656,-7.737617,-24.447392,4.799384,-28.410663,-31.958303,-1.000598,19.937275,17.562239,6.8477,18.579636,-10.17256,-20.790647,-4.317443,-24.857275,50.127151,48.534076,9.245297,4.017261,7.646931,-34.894598,6.919163,-26.84298,-19.138917,-1.97708,-14.216224,-25.186827,-29.167926,-47.841315,14.752089,-6.495784,-22.203155,-36.407865,9.128759,-0.372901,-7.305877,-4.805529,-14.015909,-2.320829,-1.289022,-11.039702,-3.949976,-5.044101,-44.275923,-3.705316,-22.973976,-38.654126,-4.199041,-18.361532,16.444827,-16.298985,-5.244485,-2.193471,-6.5429,-18.888712,-10.022801,-12.747755,-21.514074,-17.187378,-8.498794,-12.497548,-24.687068,-35.016564,51.94817,-20.786424,3.060786,-11.252041,-3.456537,0.225639,-3.052078,-0.870583,-2.92879,3.357033,-14.728001,-13.039104,-15.769114,-15.045829,-3.584339,-11.361124,-18.896567,-28.96823,-8.215667,-2.840529,-16.581818,-2.851322,1.275434,-11.89614,-6.767719,-6.57998,-9.741053,2.264681,-10.527518,-49.684569,-3.221603,17.666071,-23.226568,-10.19193,2.238984,3.862134,-18.868939,7.111895
1.993119,3.064562,26.416827,35.366747,2.801534,0.619618,25.110209,25.756489,34.314919,13.063642,0.921382,-2.498381,-11.399557,-19.456825,10.034685,-19.218024,-4.981715,-24.108442,25.307377,-1.419773,-1.178339,29.255853,50.409905,40.561099,14.395897,24.669477,2.920039,-10.201005,3.916757,-8.384022,64.536652,63.586947,24.474328,24.844652,26.101343,-32.864803,9.583625,-6.048103,-3.909181,8.421077,-8.841111,5.447773,-12.477646,-9.840043,28.889631,30.813204,9.874155,-15.267481,32.800511,20.914956,15.200841,15.243917,11.02185,26.012793,7.982019,15.439845,4.994383,6.83094,-32.399088,9.779229,-18.215086,-26.209445,7.693582,-7.193897,30.446577,-1.36614,5.754061,39.592302,7.446692,-1.237431,5.29646,1.050367,-6.822844,1.192748,20.663578,7.928485,-0.772291,-12.162513,47.694271,-15.267673,7.248834,3.962725,11.956536,3.887403,11.872632,14.709874,2.982712,7.423171,0.960115,-2.984147,-5.725434,-6.405488,2.517498,-2.722194,3.070346,-20.988138,10.71683,16.183558,4.531625,4.777001,1.200846,-5.791325,-3.744936,-15.866669,-35.853974,-44.994922,-29.369858,-86.24284,0.349766,38.459426,6.059992,13.694239,22.003406,26.187734,22.246542,54.943935
5.884132,1.764153,32.238385,42.377266,9.702518,4.888696,22.561159,16.270219,23.461559,5.261869,4.744151,0.45558,-7.780469,-19.402899,14.983688,-10.110949,-0.222287,-30.567603,38.225761,16.933279,26.920702,42.67947,59.51076,55.250739,11.279458,28.307819,12.257448,3.81758,7.301373,-2.323705,47.887199,63.102762,21.019119,29.046645,32.633017,-19.968241,14.430719,11.922417,12.529438,16.416593,20.074876,27.147915,0.108852,20.291553,23.931143,42.788198,37.193924,24.331048,32.566161,23.987577,19.938682,25.33958,32.800529,44.461522,15.280137,32.737442,3.480643,2.503923,-31.853213,7.223822,-19.273291,-30.656451,1.135363,-5.478124,29.489205,3.205909,2.497451,61.058762,9.750024,19.668377,14.257202,21.316304,-5.178575,7.812711,18.124444,11.811424,10.32051,8.952773,4.428671,-33.619893,-7.05063,5.882935,22.862545,10.069107,17.346162,23.213555,7.554633,7.305705,16.442193,6.225872,10.425757,7.068715,6.252845,5.186292,8.652572,8.433256,26.482979,18.003289,24.879944,9.920638,-2.787447,0.018016,-1.648237,-17.901855,-52.069321,-92.363792,-32.100328,-95.07443,-3.667419,26.252259,37.487361,37.665576,34.449043,31.607111,61.806576,81.685326
-3.610301,-13.721104,22.746373,30.479631,5.736117,1.091087,9.634754,-3.057097,1.419051,-7.238221,1.223613,-10.675309,-11.000615,-23.200805,8.682657,-1.818191,0.758211,-40.966301,32.131965,8.301069,32.775516,33.318831,40.90563,46.159441,1.271005,18.973277,11.223424,9.707152,-3.952878,-14.01161,9.543412,37.192676,2.262895,6.536255,16.297454,-12.022626,13.806012,12.591665,15.831652,15.156149,43.031278,21.817232,-2.612452,17.740468,0.156489,17.647063,37.266521,46.512519,11.535582,4.957551,6.329874,18.95989,34.51884,43.114,15.368022,29.114485,-7.371508,-18.243013,-41.842651,-15.831568,-21.320982,-48.208494,-21.422131,-19.971355,17.600622,-3.475479,-18.187301,42.656691,-5.202155,6.248221,11.3146,31.561449,-15.971297,1.043534,-9.67587,-7.19835,0.159165,12.091041,-56.117431,-61.411104,-30.673163,-8.437128,20.674697,11.804436,8.386842,14.250756,6.530369,4.240366,19.641042,6.538841,18.093783,11.762978,0.420098,3.779703,1.350804,37.133267,26.796066,1.218985,28.423006,6.445551,-8.737094,-0.955466,-3.297634,-16.542327,-54.570302,-114.888323,-18.377683,-64.335063,-17.398487,-12.269139,39.248533,38.535555,24.565385,11.527907,74.366958,59.722018
-11.749195,-24.269188,10.537689,10.323671,-4.938942,-7.149367,-0.779052,-13.423425,-17.371447,-15.025061,-6.173599,-23.801549,-16.250658,-24.448114,-3.446706,5.309358,2.204624,-43.446464,14.146287,-12.949998,23.524497,15.237055,14.702287,21.062747,-4.039842,1.112632,3.34749,6.312097,-20.044914,-27.788522,-22.075168,1.019912,-11.908108,-20.592714,-10.706661,-12.101128,7.812645,3.581548,8.720284,7.424429,35.71052,2.105227,-10.011283,-4.035347,-22.948235,-17.728323,18.263346,36.946059,-9.500381,-17.197738,-7.105614,3.884655,15.106067,28.97868,8.778031,13.043343,-13.176182,-34.377108,-42.024869,-42.701518,-13.518055,-51.956326,-36.116407,-34.843326,8.368337,-9.226743,-38.648939,4.161511,-20.963528,-37.927371,4.362603,25.382714,-20.807872,-3.71678,-25.123107,-28.147432,-13.495085,3.720984,-90.576674,-66.662309,-38.880896,-22.856342,9.782447,5.972948,-3.911152,-3.611436,1.265036,0.470309,10.802615,-0.317963,12.734853,5.137462,-10.653092,-5.311391,0.570268,44.701327,15.757958,-16.06345,16.784962,-2.265679,-12.199558,-6.159562,-6.785337,-14.586576,-45.189935,-98.370519,-3.675935,-16.456942,-26.617213,-41.1722,16.187891,17.550684,-2.648725,-21.173654,53.368368,2.17114
-5.60296,-14.556463,8.126566,-0.860769,-11.748093,-10.817797,-1.262013,-7.641278,-22.932847,-14.682781,-6.416671,-22.48204,-17.165882,-16.01206,-9.895648,12.801357,11.42938,-27.654719,0.291029,-19.179714,20.961928,7.365377,5.785697,1.820862,-0.283592,-11.339757,-0.322961,3.225741,-23.283571,-24.798735,-28.263217,-22.75094,-8.209917,-24.418606,-26.170619,-12.830136,1.170431,0.666303,4.819064,2.201439,3.003977,-6.918724,-3.604403,-10.825541,-26.218592,-27.759319,6.664265,15.575908,-13.68678,-20.315562,-3.896097,-6.481873,-9.810445,16.470754,0.580844,2.166809,-4.430292,-27.153405,-19.553782,-52.312301,6.095462,-27.746025,-23.663655,-29.160805,9.967036,-5.310892,-39.304061,-18.684683,-19.192527,-70.185655,3.355084,12.136968,-7.210545,5.448989,-6.15392,-27.163959,-9.724269,2.164286,-77.630495,-34.298298,-19.944987,-20.209156,1.528018,-2.288199,-5.24174,-10.699615,-2.710258,-2.407303,1.599959,-5.183979,3.016206,-1.812891,-15.465508,-12.35129,19.971637,30.435637,5.428969,-14.864023,4.546755,-7.304123,-10.988205,-7.070136,-7.53251,-9.462946,-26.599489,-50.825969,-1.106541,12.431479,-16.902819,-30.859356,-0.03975,-2.582694,-24.892514,-41.925554,18.707249,-41.129594
9.880187,8.675505,15.585621,2.768342,-8.415024,-4.458716,2.580304,2.815386,-17.060146,-10.792398,6.221865,-5.084392,-12.576472,0.115059,-4.721845,19.542811,26.169209,2.486812,-2.530938,-2.866376,33.038007,13.551128,16.759747,-0.8328,6.383687,-10.032132,7.592322,9.412467,-10.132811,-5.440971,-16.383182,-28.988945,4.793085,-6.043708,-21.757674,-11.905566,-4.35102,7.372991,9.997833,4.920446,-26.839257,2.507339,18.169197,11.279612,-10.996242,-7.515628,14.272464,10.019384,-4.213545,-3.355457,12.094089,-6.717555,-23.608097,11.306886,-4.522547,4.279284,10.656546,-2.014949,11.445931,-40.866286,24.827697,4.926101,7.066528,-2.901408,15.674714,3.028881,-20.519949,-12.055741,-1.474756,-57.257707,8.175251,5.093672,14.938946,21.6024,27.689694,-3.899952,9.742576,13.759323,-40.134721,14.809142,9.417417,-1.297139,1.829314,-4.162188,5.22841,2.786237,-1.512839,-3.455464,2.2773,-1.693665,-0.67523,1.368848,-8.355002,-10.491233,50.667204,9.569657,1.227326,4.502408,1.650611,-4.335021,-7.64716,-0.007668,-3.823847,1.261933,-3.430399,0.393823,-6.888239,9.892992,6.36465,10.127461,7.667495,-4.584226,-24.358271,-36.000536,-1.176927,-30.921418
17.80721,24.39474,21.410604,9.868436,1.156593,8.151766,-0.114267,2.19221,-8.552134,-9.058934,23.315653,12.969346,-5.773157,13.572428,6.904965,21.658596,34.813571,30.167413,-1.681219,16.463765,43.872823,19.971714,25.754975,1.127308,9.063245,-0.184222,22.030885,22.369852,5.400867,12.5805,-6.703571,-31.777967,8.054528,5.997545,-9.803531,-16.236846,-10.767124,13.285333,15.053806,12.091079,-30.062478,14.628105,35.537274,40.295986,3.876053,14.476305,25.230215,23.201363,2.870512,13.45688,21.942489,-2.454272,-23.060147,6.841955,-5.763921,11.955014,15.346264,17.936729,23.884767,-22.616685,27.393135,15.743653,27.698471,21.318709,11.59616,3.737224,-1.466992,5.014159,13.688771,-12.341262,10.322291,6.912144,25.609597,27.715667,41.23074,19.501311,23.659519,25.610273,-17.325805,44.120697,22.322693,17.386036,5.952416,3.534039,13.736323,24.781045,3.050539,-2.268531,10.760445,7.133405,2.1607,11.512777,3.901295,-2.667787,68.830364,-4.158413,-0.903801,23.26019,4.398912,2.393847,-6.231972,8.633035,1.125863,12.551313,14.729304,24.947343,-6.298445,-1.923699,20.42052,43.653433,21.880719,4.554104,-5.002273,-11.196117,4.71286,20.046512
9.765185,21.395758,14.978243,4.446037,7.322685,17.150981,-11.491509,-11.65358,-3.4532,-9.959721,29.452182,16.294633,0.919223,16.037902,14.407225,16.680581,29.972804,41.640736,-6.777702,17.779506,33.686184,11.978089,11.099368,-11.341957,7.277121,5.434605,28.96709,29.561401,10.600993,16.122005,-8.255616,-42.452652,-4.272957,-7.503952,-6.657275,-28.57753,-17.793548,9.958556,8.407105,15.255182,-8.354971,11.841342,29.442971,45.070514,4.374261,11.786331,17.600881,32.793049,-0.751008,12.756146,13.671347,-1.144321,-16.062853,-4.46976,-5.534301,14.136697,4.475153,18.952643,9.65878,-10.24916,12.837078,1.751445,22.395814,23.928288,-6.611467,-7.40692,2.354087,5.421445,13.584983,22.955248,4.917909,9.188075,19.640636,17.796549,26.993985,23.521331,18.070466,22.904505,-19.799832,39.113093,12.538795,22.971174,5.039062,14.151956,7.524401,32.124189,5.525538,0.338486,15.344884,12.720725,3.661877,15.673562,9.299563,3.055622,60.285604,-8.858284,-5.185173,24.502288,3.803595,6.245714,-7.171513,9.490729,3.20404,14.559042,18.108828,10.585389,7.546705,5.189766,10.016833,42.290147,15.312541,3.995456,12.806099,10.631449,21.876184,59.573885
-4.46592,9.324003,-2.926723,-16.74681,4.046062,15.223256,-21.698186,-26.527048,-1.473058,-10.240984,18.399949,5.572736,7.574547,8.673416,11.844237,6.344351,17.067231,38.476625,-16.953546,2.816501,3.348832,-9.725585,-24.93284,-40.088293,2.543923,-1.738764,18.618606,20.764041,9.002148,9.892109,-13.076939,-53.625677,-18.434796,-31.7038,-14.230078,-37.90679,-20.388269,1.534818,-8.166215,9.30358,15.780121,-4.57505,3.311798,19.984616,-4.319089,-10.101285,-8.973922,19.44246,-7.281388,-0.928695,-4.998189,-3.609188,-8.94545,-20.240048,-6.113926,8.156784,-9.756964,10.712225,-10.166951,-1.466658,-3.821825,-9.226426,4.83754,10.096942,-27.280492,-22.575145,-4.792412,-16.791601,4.448681,26.617088,-3.209108,4.505678,11.670333,3.35952,10.688733,10.328966,2.164008,7.770536,-22.682488,19.108865,-0.119421,18.071149,-3.817682,16.949446,-10.856734,13.691209,2.683945,2.241404,7.605908,9.950877,-1.419571,6.603212,3.045548,2.93914,35.048777,-9.383683,-9.5231,9.674041,-1.897554,5.831082,-6.818322,1.233202,2.219013,4.05399,7.577979,-25.275284,24.809003,31.82923,-14.373988,16.009194,-14.042702,-15.280442,12.78455,13.889509,26.532965,50.433624
-9.245473,4.144424,-22.01409,-40.319135,-6.32227,3.460514,-20.572638,-31.282165,-0.287085,-8.61606,-0.110456,-5.482376,12.592175,-1.307581,2.154328,-5.006894,6.502958,31.905481,-22.796541,-10.003887,-26.150706,-31.455772,-58.639872,-65.454894,-7.978655,-20.451453,-4.782592,-1.450526,11.792997,6.161884,-12.309869,-49.942629,-19.213431,-37.245567,-21.47967,-31.334718,-15.325779,-3.123974,-21.114051,-3.175335,21.253902,-19.257538,-21.455118,-13.274212,-7.937449,-24.860653,-33.71413,-12.110665,-6.115742,-9.674714,-17.1196,-6.492493,-1.454914,-31.155679,-7.785697,-1.389706,-13.379995,10.598594,-10.861052,10.918684,-7.770061,4.351145,-0.325209,1.087631,-34.183847,-31.600098,-8.106215,-45.066844,-0.229008,13.673458,-6.968438,-5.216914,14.641493,-2.225722,14.07236,-3.29102,-5.909747,-4.394758,-4.482499,10.749346,3.523911,12.203138,-14.828954,7.278367,-26.33186,-18.192095,-3.090104,1.818236,-8.64489,1.227355,-9.739483,-9.308817,-8.582509,0.093053,15.645551,-7.715647,-10.373834,-6.155258,-6.790938,4.448064,-2.551857,-7.874959,1.226086,-9.68429,-2.731935,-45.788763,30.362949,52.338178,-28.387093,-3.708283,-42.383598,-40.258679,-3.924004,0.867769,7.793831,5.829504
-1.258574,7.734296,-33.245499,-49.439032,-16.322429,-10.357546,-10.124785,-27.400734,0.289887,-7.077749,-10.706373,-6.621794,11.16573,-8.728942,-6.996729,-13.33087,0.847802,27.780985,-18.780262,-10.606184,-37.184038,-42.482729,-69.026986,-66.881388,-27.479227,-42.908201,-26.628325,-23.656003,19.249617,7.451624,-9.895829,-30.713637,-8.634793,-18.763618,-21.05293,-13.827374,-7.959214,-3.914222,-21.589162,-14.682791,5.764714,-23.84294,-29.322392,-33.98011,-3.083542,-20.456421,-40.144088,-41.448344,-0.238339,-5.814457,-16.150643,-9.774459,5.864319,-32.218935,-9.624903,-11.300121,-7.379489,19.3492,6.080088,21.441388,0.610565,28.539511,12.106009,7.283928,-22.807588,-32.143025,-3.219291,-63.122596,1.2953,5.783698,-7.25153,-13.437563,21.291647,-0.296266,25.774903,-7.052845,-2.853202,-5.319074,20.208266,16.788572,17.384973,7.208275,-19.951386,-8.828788,-26.928635,-39.794494,-6.402751,-0.063419,-21.510029,-7.537604,-14.773887,-20.263259,-15.888064,-1.623756,12.428238,-2.326286,-10.02161,-12.235933,-7.170816,3.469979,3.093199,-9.549969,1.616116,-13.573181,1.428299,-23.95313,21.498357,48.180198,-22.533846,-1.09708,-51.841399,-51.207369,-23.560576,-14.775623,-25.164211,-31.959446
8.780857,7.74368,-35.847102,-39.773012,-20.043794,-18.459414,-2.167909,-23.44984,-0.113069,-6.402316,-7.816383,-0.526029,1.390983,-12.454909,-10.017955,-15.430552,-5.06568,22.16574,-9.710154,-7.27031,-32.542882,-44.50307,-56.552337,-44.616585,-49.863466,-60.716244,-34.986153,-33.529418,19.627414,6.228575,-15.476297,-13.73705,-1.506417,-1.813873,-17.864807,-6.464047,-7.679073,-8.815342,-15.306722,-19.071455,-15.45863,-25.625174,-23.933623,-41.636046,-0.574882,-12.352727,-32.502796,-54.738161,-3.045381,0.078622,-10.872407,-16.729365,6.339994,-26.743693,-10.861888,-21.720684,-4.281321,20.117025,16.654981,15.00443,9.332094,32.417911,23.517711,17.311017,-3.344202,-28.305224,-0.87648,-71.097913,-1.321646,-0.759546,-11.442761,-18.253863,14.715246,-2.628542,18.902647,-5.798574,-1.709708,-3.353727,18.889772,18.275045,19.319837,-2.285737,-16.723331,-19.967706,-14.39016,-38.33706,-4.467565,-0.915147,-22.899674,-12.831552,-14.957996,-21.756014,-14.990479,-2.811585,13.622684,4.815461,-13.970343,-11.527147,-6.35279,-0.002964,5.084132,-4.388988,1.129839,-4.884476,18.417678,32.07429,10.699818,31.169833,-12.607685,9.858914,-50.467713,-42.21783,-33.161853,-22.31826,-53.400844,-40.224268
11.054987,-3.250293,-33.811886,-21.953554,-16.700416,-18.353446,-3.690862,-21.564937,0.801547,-3.221989,0.669642,4.103528,-9.459326,-10.984821,-6.571522,-8.558565,-12.438448,12.029291,-4.203614,-10.740763,-27.043487,-44.842165,-38.272958,-18.382175,-60.454777,-67.880978,-29.614901,-29.647206,7.662273,0.210349,-27.829956,-14.139803,-4.982961,-8.630004,-19.003963,-19.627684,-15.371378,-19.95536,-13.400925,-15.61589,-24.83541,-33.488775,-16.664839,-44.207082,-8.519525,-18.951019,-23.768778,-52.374625,-18.836789,-3.762702,-11.35286,-25.615519,-4.632045,-18.93445,-10.805264,-29.666558,-9.978176,2.326679,7.180859,-9.794218,11.03855,11.374554,17.282612,15.621512,11.414233,-21.909028,-9.693818,-77.276611,-12.719614,-23.310393,-21.639635,-22.838695,-5.495325,-12.730519,-8.805008,-7.885326,-10.25096,-9.370848,-12.381148,4.949852,2.052908,-15.074809,-9.535763,-19.133871,0.346584,-21.56785,0.253711,-0.06798,-15.206562,-14.694802,-13.64331,-18.143655,-8.883478,-5.693876,1.045411,6.219746,-21.294048,-12.630591,-7.729078,-7.543461,2.535499,0.385788,-2.097698,6.191328,31.752036,83.653199,10.570115,27.725124,-17.99646,8.19522,-54.775205,-23.48798,-28.132248,-20.222864,-62.77106,-33.104135
7.48653,-15.610986,-28.159004,-9.528949,-9.330249,-12.838359,-8.249715,-14.634119,6.112642,5.965898,3.759394,4.176553,-9.695042,-1.161398,-0.164547,7.30178,-14.094387,4.008244,-5.130105,-17.08544,-27.081347,-44.430957,-27.954355,-5.887191,-50.209463,-61.288541,-18.770317,-20.067114,-4.510053,-0.773959,-33.195346,-25.09429,-9.97672,-27.467336,-20.335038,-33.587148,-19.327641,-26.674112,-16.929205,-8.245591,-16.836086,-41.677105,-8.79624,-37.748105,-18.813953,-33.305954,-14.876155,-38.331679,-33.034704,-12.102974,-15.343868,-26.298215,-18.292163,-6.996109,-8.193522,-26.726101,-15.528042,-21.136567,-6.639563,-29.282441,10.431641,-3.123899,0.345174,3.783488,17.88915,-9.763563,-21.179223,-80.667473,-21.861489,-55.795948,-28.783257,-27.332896,-18.261516,-18.762037,-27.591583,-11.538469,-17.414867,-18.565598,-37.312092,-7.646188,-15.34927,-18.511565,-4.251487,-8.747958,9.097218,-6.621276,2.89674,-0.318013,-6.730164,-13.780423,-12.309179,-13.589109,-1.729551,-8.247648,-26.539979,-2.632337,-22.52134,-16.95846,-7.314153,-14.317728,0.772375,0.650379,-5.193655,8.976479,29.047452,96.517585,19.187281,44.301163,-34.500952,-6.138727,-61.061747,-6.687042,-11.493306,-11.53848,-51.443436,-32.277658
5.244162,-14.408992,-15.685653,-6.231095,-1.459006,-6.147275,-4.662402,2.05111,14.233309,18.682089,-1.413968,3.317335,3.182989,15.79178,5.025668,25.863632,-5.938351,6.760074,-8.917727,-13.858561,-24.51898,-36.574187,-23.614734,-6.05945,-26.445339,-41.454484,-9.150224,-12.533316,-2.33181,11.449412,-22.097921,-25.796903,-5.458588,-26.686272,-9.880842,-15.783608,-7.947718,-17.167043,-15.732072,-1.498044,-0.727189,-34.775444,7.649028,-10.548597,-16.456406,-30.026802,4.661228,-12.414146,-27.341348,-8.697302,-12.56712,-10.298971,-17.593476,12.535034,-2.083209,-8.304172,-10.051519,-27.083453,-0.68164,-17.232308,13.866422,15.932337,-7.243084,-2.891234,20.363314,9.137996,-18.760635,-69.725063,-15.4707,-63.437885,-22.323625,-25.226654,-7.42288,-9.003646,-13.676668,-7.755247,-8.259168,-14.358187,-22.957523,1.540761,-12.029188,-3.553865,-2.571174,2.953036,11.881523,-2.356474,1.191455,-4.68301,-2.345995,-9.73598,-7.821378,-6.566576,5.004299,-5.100176,-49.087748,-14.525574,-10.416947,-17.493987,1.578975,-13.309315,5.238146,-0.054829,-2.919087,4.520608,16.586705,72.890288,23.110394,57.713044,-36.751897,-14.361306,-47.019808,5.877419,8.558287,1.160983,-29.347809,-34.728805
4.211983,-0.017342,4.150159,-5.349699,5.131959,-0.381076,7.528813,20.557935,18.402278,27.204765,-9.017959,3.61936,16.503662,29.798808,6.742829,35.948535,2.044944,16.605156,-12.081521,-0.032523,-10.592647,-17.018121,-13.571567,-4.333295,-4.811758,-13.340961,-0.701984,-7.141129,9.005913,27.416939,-2.356989,-7.514861,4.689337,3.316059,14.775358,39.838781,14.123386,5.160077,-3.135913,3.028147,8.662357,-8.794582,32.543421,32.407722,-0.299483,0.37332,35.717086,22.094016,-2.83742,10.71951,-0.307035,16.118198,2.104606,35.16898,6.006793,16.436311,2.862054,-10.120508,22.75735,21.227819,16.540618,50.933798,0.000391,2.258618,21.244807,27.142073,-0.310169,-38.816936,2.248597,-24.671419,-4.5796,-11.274018,13.748031,9.886186,16.16957,5.25636,11.942066,8.389455,15.039021,27.130158,5.428525,18.668827,-1.526626,9.665698,12.532818,-3.880711,-2.600324,-11.40236,0.07714,-2.99298,1.812891,4.63698,10.775227,4.662057,-45.543072,-14.857598,9.330769,-8.979038,16.600833,-4.693912,13.976601,3.527696,5.147662,2.590246,10.71979,46.003163,13.898231,42.960588,-9.423577,-5.593785,-3.536168,16.627925,20.72095,14.130554,-12.117106,-20.623397
-2.45388,10.112584,23.653289,0.203412,10.696469,4.932479,15.715622,26.32493,14.062758,26.711187,-12.201964,1.947359,14.631708,29.012423,5.794083,29.998783,-5.257847,18.309491,-14.273656,9.976794,10.064357,8.701698,8.356263,8.53277,8.713679,15.107146,9.178052,1.299835,7.731311,26.772908,9.834265,14.956116,6.231298,34.617697,38.072446,97.513511,27.235461,22.495312,13.103485,6.719281,3.848068,19.207079,49.845047,62.0367,12.792272,34.889937,59.113323,49.776893,18.344078,29.403493,10.991792,33.802712,22.034084,48.203306,11.701543,29.590334,8.31957,9.855319,33.094606,48.122546,6.708543,55.158703,5.711353,7.393816,17.366842,32.931749,15.969442,0.362434,11.460808,32.634307,8.970716,8.762486,15.048422,17.241096,21.080967,16.756201,19.090271,31.064106,27.284181,37.521335,8.969007,24.009448,2.381454,11.275842,12.924282,-2.051763,-4.374644,-13.770505,4.775115,3.608192,11.618348,14.765038,13.408485,13.587649,-17.037182,2.674895,22.395143,4.78341,24.714204,2.483212,18.21691,10.257226,12.057919,7.659639,15.743688,40.705808,-1.708316,4.445535,30.442191,8.23665,45.795392,23.208222,16.683774,19.894931,-10.243426,12.323975
-15.113006,2.323415,31.195198,9.393363,16.429573,10.565363,9.106041,14.634552,5.514697,21.02617,-8.862437,-3.423467,-2.381488,13.351974,5.040491,11.994967,-26.540337,3.894108,-14.543537,5.719428,23.36907,29.873115,34.902801,26.104841,22.406757,36.676597,18.902719,14.650965,-15.52033,3.484308,9.735213,21.129182,-4.862387,34.39161,40.436267,110.84594,17.058603,21.431582,18.566844,10.744957,-9.176915,27.425637,43.35479,52.963378,7.932628,43.107791,53.964742,52.386986,17.075643,28.379282,10.036409,29.054317,17.322679,42.642358,10.96333,22.276331,0.073935,11.006963,8.972158,32.390252,-16.511999,10.294591,-4.846741,-0.599747,6.726961,23.865844,12.318036,28.508077,0.595073,54.113959,6.046745,20.649865,-12.50677,2.536628,-13.560803,15.480231,-0.324832,28.911341,-6.868182,11.894314,-14.335634,2.669331,8.991879,11.428029,12.87706,5.392383,-2.297709,-6.598075,11.562559,6.742619,13.32705,15.116614,10.958494,13.041616,12.343052,26.335164,21.272233,15.440882,15.995794,0.512022,11.603583,13.20043,10.29237,12.117938,16.306572,43.44141,-9.60188,-27.716787,48.975462,8.506096,65.929325,19.664973,0.139501,12.459374,-17.861904,38.110837
-21.827434,-15.661963,21.986903,14.819247,22.634771,15.267857,-7.037734,-2.392353,2.043583,18.058053,-1.157737,-6.552163,-16.403254,-2.29996,6.247621,-5.118424,-38.98304,-13.976087,-9.119524,-3.008346,21.553197,40.332744,50.968553,34.144748,43.030502,47.686475,22.444153,26.530831,-39.872269,-22.127975,8.656745,9.800059,-14.170685,5.689253,19.875464,69.29752,-8.316113,7.399449,9.376088,13.276715,-16.706561,13.478032,17.50231,15.788262,-8.102514,24.04974,23.589369,29.321766,-0.961611,10.215826,-0.913922,8.578412,-13.378754,23.23491,4.353671,4.791311,-9.020914,-4.901008,-30.550032,-12.555227,-35.435476,-44.386209,-21.87892,-14.845466,-5.206441,10.824186,-6.079528,37.854205,-17.59536,20.29058,-7.949337,15.668754,-40.691454,-20.144062,-54.748429,3.745489,-28.214282,-0.099085,-46.336452,-30.046883,-41.328147,-25.710716,14.046712,12.118989,12.87893,13.061604,1.781743,7.180412,15.352585,6.053772,5.303988,4.822748,5.555458,3.917687,18.797545,35.626529,13.073578,19.450403,-3.071101,-6.707188,-1.940891,8.331998,0.661458,5.767504,-4.090994,17.812583,-4.30329,-31.579731,32.531967,-5.281026,48.257484,6.707469,-12.456758,-3.350799,-12.999054,33.249774
-11.390351,-23.258281,3.417912,11.257153,27.263697,15.89184,-16.030357,-7.759002,6.578871,19.754777,7.015692,0.55389,-10.579511,-2.360036,7.384141,-11.58561,-22.162214,-14.248102,3.138897,2.376474,10.527765,40.982616,45.818856,25.597534,60.473842,47.715565,15.929403,26.962015,-34.971322,-23.380905,16.80706,-0.12435,-5.993786,-15.088687,-4.501484,9.101623,-25.331062,-2.834626,-2.739478,10.813047,-10.179696,-2.563811,-4.698634,-9.478004,-13.521348,7.885769,-5.173701,2.657434,-12.277626,-3.214537,-8.456814,-7.155924,-41.492449,3.723232,-2.410614,-4.345304,-1.634713,-16.252059,-42.814107,-39.857206,-29.652559,-51.318367,-20.903906,-13.719699,-10.133488,8.317008,-15.899631,37.132057,-19.974249,-28.274689,-15.136367,-0.042992,-34.41948,-26.736162,-58.567691,-4.949841,-32.010778,-30.233992,-31.483379,-45.071702,-37.308655,-31.060537,12.64361,11.43953,13.411037,15.347846,4.491278,17.752787,11.768675,4.444504,-4.104594,-5.461969,2.702149,-3.025089,2.009302,21.591537,9.898696,20.115948,-14.694992,-7.135358,-11.055938,0.171029,-7.724048,-10.072328,-39.652149,-48.968655,5.688211,-16.436505,2.970574,-15.190522,18.720589,-4.760598,-6.216237,-12.04782,23.424669,9.177594
10.046644,-11.754634,-11.399808,0.976867,26.580104,10.183521,-8.731521,2.555998,10.904784,19.049993,10.865119,15.980448,10.818229,12.185056,4.05718,-9.716486,14.519809,6.597038,14.758822,22.9051,1.215461,34.033089,21.206946,6.206255,55.248516,37.832339,2.949432,12.232583,1.161901,1.859316,26.855445,5.937777,15.144045,-1.763915,-12.047008,-23.075451,-19.466878,-1.107735,-3.855684,2.780607,5.578616,-0.616559,-6.52547,3.238882,1.958344,18.598004,-10.906815,-3.803269,-3.337852,2.320093,-4.564928,-5.554835,-36.894491,-7.194175,-3.161983,1.343635,21.125582,-9.248686,-9.776622,-19.942053,0.84472,0.615198,4.878928,11.022441,-7.461907,19.713662,-3.271772,37.419046,-1.282051,-36.536313,-4.983427,-12.154161,5.252553,-10.71459,-21.742151,-2.279644,-2.545014,-34.574426,43.199041,-14.169345,0.900208,-6.833127,3.622366,6.528035,11.873741,11.580232,4.043561,17.335109,2.215158,4.49397,-5.316844,-4.384178,5.267386,0.757763,-16.035525,-3.784717,14.04012,20.977908,-9.101859,4.743284,-8.109714,-2.97784,-7.203683,-21.683929,-63.317007,-121.513501,8.577417,-8.857511,-7.162305,-9.206066,6.853573,-4.074389,14.872039,-1.9062,82.946698,0.865578
22.182813,5.25892,-15.116389,-9.069139,18.431114,-0.214785,5.746059,16.060718,4.985005,8.423667,6.129308,26.303754,26.096362,24.022182,-5.101433,-9.193984,36.437899,27.188924,14.432258,36.396384,-2.423029,19.198413,-9.692811,-12.690082,22.361842,20.028787,-7.923741,-10.167439,34.648985,26.874297,20.795023,18.947243,27.336895,30.231133,-1.117871,-13.417067,0.135141,4.143748,6.72771,-6.098327,16.866146,17.233536,4.440927,35.83237,23.006774,43.08738,-0.111123,10.995891,14.119653,15.166829,3.727888,6.070099,-1.025156,-12.164215,2.840122,10.441573,37.633044,5.416222,39.535284,26.379121,32.981376,61.983806,31.041861,38.793627,-6.209409,33.481162,19.407301,37.934263,18.454664,1.513319,13.936672,-12.962292,38.513355,9.435848,14.925576,5.219864,33.02269,-12.877058,114.321412,34.152866,36.461996,21.072356,-8.726991,-2.143292,3.807974,4.254277,1.35154,7.622768,-7.013209,5.461284,1.587989,6.894769,9.35273,11.054855,-15.418166,-20.237997,16.468695,20.41837,4.535571,19.477658,3.094727,1.515245,0.145404,-17.058738,-53.678968,-144.922663,2.388793,-21.181981,9.34134,2.438096,14.556788,6.91027,28.859604,20.494811,126.440251,22.63479
13.035316,8.42479,-10.728145,-13.862218,5.513948,-9.786747,10.70686,17.942467,-9.62501,-9.609985,-6.612082,20.339423,20.351266,18.364213,-14.881127,-14.22595,20.106963,24.226546,0.206335,23.121598,-4.270197,-2.228208,-30.675701,-24.034171,-17.953471,-2.171755,-10.810102,-27.061134,31.875013,25.502852,-6.98766,16.134692,16.691692,42.190441,11.92672,13.51692,12.120455,0.460455,17.049298,-9.759324,14.221908,29.821977,7.322495,46.284828,25.163307,45.314341,3.845792,25.9702,17.935593,11.790332,3.678213,11.147111,33.352268,-17.392858,9.729994,8.477865,28.88854,6.940249,60.060975,50.8437,43.081268,76.049547,27.079865,39.786735,-14.050008,34.275709,28.126148,29.244743,17.350695,37.498286,23.69148,-7.205498,30.780877,11.945235,15.324811,5.218182,40.523852,11.040735,114.462093,53.57116,31.978882,22.585353,-17.359842,-10.443794,-10.52396,-4.6017,-1.345641,-2.264146,-10.333384,4.601669,7.192534,15.58292,7.990736,15.156777,-0.005826,-20.449556,9.393639,14.439882,8.738626,21.657014,11.175514,7.808832,5.364451,1.252839,-18.055624,-98.594116,-4.940239,-40.955902,28.655956,0.804752,20.955649,15.418134,18.305693,33.822435,113.823777,47.27817
-6.242303,-4.806068,-5.841161,-13.659282,-5.252498,-13.013129,1.16567,6.213444,-19.032032,-22.908962,-19.199056,2.650303,2.151034,-0.914145,-17.17664,-18.122402,-19.206747,-0.335156,-15.256302,-8.329998,-7.846739,-22.549024,-32.619848,-27.953402,-38.185991,-24.095182,-7.19094,-30.592762,-1.993548,1.250079,-39.059302,-11.709707,-6.03448,16.569793,11.985582,26.534726,6.369432,-12.493755,16.607273,-7.711348,1.076359,20.640844,-5.942113,16.550145,2.881755,8.99981,-9.807616,22.00302,1.661264,-13.644813,-6.908637,3.173741,36.232406,-22.91416,10.070082,-5.421015,0.014332,-9.450747,38.817786,29.915806,29.274559,36.795754,-8.025549,8.608212,-26.661041,16.984957,15.188598,7.929294,-2.715094,26.307572,16.492376,-3.769166,-7.759002,-3.51257,-10.881272,-4.522852,16.267286,17.079361,43.92436,29.312137,-8.083376,-3.285925,-17.855112,-14.82399,-22.725127,-13.406576,-2.55865,-5.067051,-7.438427,0.897713,4.020718,11.722804,-0.964837,6.491575,7.02052,-15.918305,-4.26296,2.962411,-2.984787,6.85934,8.245693,8.428601,2.88056,18.821584,14.436406,-17.567532,-7.272955,-50.367278,25.648628,-16.233312,12.327252,11.813584,-9.351823,22.681572,42.520395,37.665125
-13.977668,-19.077601,-4.615935,-12.060486,-7.878171,-9.016561,-11.359876,-8.669806,-11.611803,-21.481024,-21.049858,-10.545727,-6.959767,-16.494892,-9.36992,-12.190252,-42.250686,-21.009151,-16.919116,-29.068399,-11.810791,-31.774559,-19.096311,-28.12024,-30.729896,-41.74686,-3.216579,-24.069382,-28.820674,-18.23864,-50.996475,-48.118269,-18.508511,-25.646817,-0.436263,17.363102,-7.504423,-23.262798,6.173396,-6.575228,-10.633218,-4.991208,-21.87531,-28.35789,-23.917791,-42.200284,-28.62144,0.150916,-19.195755,-40.553512,-17.15041,-9.290495,9.99457,-24.446368,1.527952,-19.911107,-25.222508,-27.387823,4.179973,-13.505884,9.014867,-13.194172,-42.385757,-28.09142,-31.70979,-9.943908,-3.516485,-17.049558,-19.628001,-24.288768,1.487655,-5.451584,-34.277877,-17.429971,-24.152572,-13.845358,-11.560983,7.410826,-31.725286,-8.897937,-41.8786,-28.850478,-12.059642,-16.109649,-23.162911,-19.229748,-2.424154,-1.840292,-2.791223,-3.622553,-5.00589,-1.122647,-12.055553,-7.706464,-10.244791,-20.682925,-16.240406,-9.13118,-20.910265,-12.955057,-3.281421,2.261372,-4.12415,23.439776,21.794487,40.924023,-8.196301,-46.971044,3.03714,-30.451328,-3.308622,-0.621631,-28.413067,-6.260989,-44.535562,-6.555661
-3.843989,-21.042051,-6.181494,-12.260247,-2.555828,-2.450638,-13.644556,-16.98404,8.122052,-7.837751,-9.523161,-9.188913,2.698315,-17.386271,1.826218,1.914571,-27.611496,-18.02853,-4.739138,-23.634844,-14.025219,-27.914872,-3.442236,-27.719186,-12.961674,-52.888281,-3.279175,-17.098116,-21.45955,-13.903333,-36.160454,-67.61886,-13.025485,-51.478811,-14.017833,-1.06356,-14.294828,-23.406285,-6.564445,-12.848958,-12.75943,-26.821836,-23.940321,-50.923394,-31.678663,-69.99449,-36.179444,-25.378103,-26.017607,-44.725633,-16.921431,-15.568987,-17.099208,-22.959754,-10.949638,-26.789131,-29.731184,-29.903159,-10.942207,-40.162837,-2.786824,-35.447001,-44.602011,-39.725998,-23.794244,-32.970713,-9.127571,-33.429825,-18.241024,-68.560314,-7.554931,-9.204132,-22.543443,-15.10882,-6.1456,-13.991388,-17.57652,-4.013531,-52.206045,-22.934664,-36.165448,-30.140629,-6.417362,-17.951179,-12.223106,-19.233157,-2.009909,0.837259,-1.178154,-6.333779,-10.863711,-11.313321,-17.893961,-14.735494,-40.179777,-32.145094,-24.163765,-17.005955,-32.185688,-21.797395,-14.154044,-5.260798,-8.77382,14.752911,8.032134,48.499444,-14.929983,-39.437479,-13.319257,-26.701699,-12.527129,-10.867173,-22.918011,-30.730541,-93.024237,-45.482541
8.04502,-13.836004,-8.784621,-14.967466,4.331551,0.686474,-6.25621,-18.812387,22.812418,5.411396,6.191541,0.597069,19.428672,-9.381927,6.496065,12.12248,6.994461,0.933542,5.248436,-7.608903,-16.009792,-20.259695,1.349546,-27.884634,-5.495176,-56.016463,-6.537759,-15.368461,6.739048,4.53651,-11.033738,-60.7187,-2.984827,-50.198378,-20.758779,-16.161848,-10.861783,-16.940596,-16.722452,-24.15341,-8.096974,-30.306793,-13.487919,-42.231525,-16.943595,-60.66687,-33.195156,-45.60452,-16.113929,-24.631287,-8.80219,-15.181846,-22.385671,-26.181278,-19.256284,-29.030742,-18.398937,-18.194307,-4.374653,-36.535925,-7.382319,-32.145902,-15.504326,-22.943781,-11.864904,-43.377051,-1.153123,-37.045899,-6.638795,-76.404923,-7.500262,-13.573888,9.462895,-3.377489,18.164251,-9.113377,-6.59243,-12.931336,-18.812965,-7.453832,-0.249578,-12.009962,-6.019884,-21.330447,-1.905239,-14.54788,-2.075547,-1.239688,-3.698976,-6.685393,-9.295663,-12.825061,-16.437236,-10.425436,-52.858744,-32.684377,-32.149959,-19.740918,-34.16002,-15.499522,-17.060809,-8.746318,-8.522743,1.101982,-6.425393,21.43561,-26.221589,-28.811669,-5.373278,-12.587057,-16.839663,-12.438412,-3.646744,-34.718975,-81.819515,-44.286879
4.150744,-8.693051,-12.112629,-18.260041,5.820967,-1.512595,-0.784974,-19.320125,19.749352,7.872975,14.094646,6.36018,26.11658,-4.774783,1.769242,9.181276,27.146777,12.014224,-0.606714,-6.809022,-20.291911,-19.51094,-7.362081,-27.019012,-10.604598,-49.294145,-8.937512,-15.754588,21.238953,13.748117,3.572513,-38.973011,-2.784447,-35.487055,-21.18005,-26.889338,-6.400357,-13.154936,-24.099956,-29.711251,-5.684988,-17.938404,-6.455081,-24.922693,4.399574,-33.133921,-32.162721,-60.973618,-0.132078,-0.189809,-3.071158,-14.197633,-7.818967,-37.241763,-18.582306,-31.835507,-7.759914,-5.980211,2.496821,-20.029805,-13.136211,-27.820551,16.385482,-0.766345,-8.805567,-39.864063,6.224359,-31.490975,-2.356344,-57.09257,-6.090594,-20.607707,24.727424,0.374475,13.486675,-10.264441,-1.758583,-27.213951,21.660694,10.235519,29.008088,2.509318,-9.835368,-21.916642,-3.414824,-10.285825,-2.493416,-6.058309,-7.473891,-5.79575,-4.449357,-9.996305,-11.471129,-2.14876,-30.916166,-11.768438,-40.319529,-18.652122,-32.120259,-3.790439,-11.64064,-7.781048,-6.116968,-9.655559,-8.461355,-8.244821,-30.583199,-5.799189,16.737005,-8.295977,-27.48383,-7.991224,6.557623,-21.726598,-35.415512,-12.550364
-11.680285,-7.222642,-14.628998,-18.407613,0.244512,-5.566067,-3.347248,-18.656816,3.323493,0.412326,12.116365,5.842655,20.490882,-5.9442,-5.179533,-2.449696,19.532682,4.000228,-16.844555,-24.572117,-25.109568,-25.313327,-20.095741,-20.547761,-15.158416,-32.064282,-7.616877,-11.42621,8.751806,6.108635,2.899223,-17.663252,-8.531834,-20.523336,-17.447923,-35.231768,-7.813395,-13.734195,-27.534457,-21.210346,-10.431197,-2.205411,-11.440775,-19.701805,17.644382,-11.773495,-35.0558,-69.559468,14.430484,11.913224,-3.191403,-13.139691,10.936108,-45.384422,-10.570124,-31.136349,-5.897717,0.080076,-1.255669,-8.364843,-19.507666,-29.279414,26.584372,6.131438,-14.986861,-25.126944,5.166022,-19.652429,-8.556538,-32.145077,-9.075542,-29.04105,11.91986,-8.413308,-20.292416,-19.647396,-11.817578,-48.548495,34.977347,6.383817,29.267719,2.290699,-11.886808,-14.520868,-13.853408,-9.631227,-2.689126,-9.019856,-8.716778,-4.229121,-1.693251,-9.007516,-6.792014,1.538228,10.200463,17.270384,-39.694901,-14.134867,-27.81928,1.725623,-2.451171,-5.40685,-3.821502,-14.695588,-2.669217,-27.089453,-18.906502,29.67993,26.671002,-19.614553,-43.542238,-3.282555,1.472197,-6.657084,4.269787,9.255112
-18.882545,0.410835,-11.510214,-11.897661,-8.096481,-6.638854,-6.165415,-10.931898,-10.730886,-7.632312,9.168806,8.316297,14.581069,-4.200328,-5.061995,-9.486778,1.072077,-11.083402,-24.688711,-38.676155,-25.466523,-26.296413,-23.340783,-3.641191,-10.456145,-7.742427,-3.292896,-0.703963,-9.666904,-3.788806,-1.262107,0.60326,-4.882673,-3.009378,-7.638985,-36.195622,-10.54272,-11.490326,-22.932665,-2.598569,-18.184563,8.184527,-18.74054,-21.33759,22.835384,-1.202513,-27.49243,-61.623826,29.681866,14.440858,-1.428744,-5.154184,25.310235,-34.317862,-0.989659,-17.645464,-7.353968,6.643528,-2.902919,2.533725,-17.288571,-19.396814,15.718867,0.273017,-16.267699,-3.226717,3.614231,-1.146178,-11.762317,-4.35222,-11.983584,-30.149723,-5.143433,-15.64386,-46.57101,-25.898648,-20.682957,-61.331065,27.101066,-13.040797,11.657974,-0.927457,-7.321009,-0.349471,-18.306373,-9.02044,-2.466005,-8.593151,-6.068219,-1.46991,-0.169083,-9.011557,-2.198473,0.680801,35.440269,27.844044,-22.418721,-6.459715,-16.775354,-1.346945,5.789709,-3.784705,-0.066869,-14.47314,-0.243605,-42.088305,2.891677,55.611332,10.190939,-29.425014,-47.072378,-0.527462,-1.41744,1.402112,14.754654,-2.207386
-6.935243,18.768433,0.994554,1.378349,-13.423637,-3.462027,1.701049,6.136655,-11.786301,-8.60798,12.460579,18.796744,15.840437,5.406467,3.39764,-5.121132,-7.082627,-16.574083,-14.21757,-30.957486,-19.788601,-13.21425,-10.637184,22.910001,-1.869575,16.202167,0.866783,10.552508,-8.524723,-1.477953,3.376128,22.758594,11.881885,22.517694,9.586819,-22.747882,-5.926102,-1.422848,-9.357139,12.806672,-20.228573,13.577545,-14.508733,-12.896775,27.416708,8.551318,0.132166,-32.69366,46.767586,19.188373,9.61168,12.143994,37.198233,-1.815,5.337839,7.664629,-5.48839,19.734565,10.59414,24.773273,-4.3086,10.601431,0.392352,-1.944084,-0.397433,19.572984,11.800179,21.196265,-2.625209,33.258961,-6.897821,-15.662197,-1.823195,-7.187504,-35.037596,-17.280662,-11.438089,-47.65659,18.322809,-24.966561,-0.380707,7.515706,2.763102,11.854145,-6.559668,-1.954812,-2.248863,-7.121835,-1.275712,2.391591,4.802982,-4.811417,3.900819,1.298848,24.642007,9.083257,4.95584,1.345039,1.804127,-7.180735,10.481555,-2.84988,6.7159,-10.438821,-3.43869,-56.412697,17.238799,46.405824,-21.688014,-19.184567,-25.365758,1.15292,15.220454,5.171527,3.689825,-29.095603
9.781939,35.555672,18.499635,16.52334,-13.242642,1.097283,18.279865,24.046059,-3.186834,-3.103485,16.732413,26.502146,15.760361,13.823083,12.319982,3.238628,-4.788195,-12.772682,3.846338,-10.476395,-12.17451,10.164388,12.633119,49.47025,2.2616,32.83593,2.26834,15.725285,9.278354,7.010319,17.172635,50.180472,26.129397,47.539332,27.576935,1.924718,6.230624,11.564551,6.089197,15.615197,-11.431879,18.120319,-0.485598,5.589239,31.899733,20.437637,32.977248,2.784658,56.321905,27.111543,25.094553,28.21052,45.704401,32.858133,7.728318,28.584051,-2.536891,32.037315,27.863338,52.107071,6.705962,38.78857,-8.158736,6.257674,26.617624,34.432701,25.727224,38.010823,9.797615,68.830568,5.463252,10.11929,15.0054,12.066358,4.011263,3.326804,8.530427,-11.076761,9.946519,-19.687533,-0.249109,22.647308,12.530309,13.723568,14.173778,11.763078,-2.41626,-6.723203,3.008426,5.78895,13.244099,3.779338,9.831041,5.353321,-7.397481,-19.148967,24.40821,4.714642,18.063476,-10.154236,10.61551,-2.248139,13.25397,-5.063568,-4.275074,-55.620669,12.188935,5.443048,-45.418119,7.052928,8.869054,2.09714,43.338148,10.309137,-8.76509,-37.865602
8.656361,33.260003,28.851958,26.871866,-9.230675,3.978528,28.401425,29.720802,4.218493,2.437293,10.040432,14.934746,1.249203,7.131581,13.254505,2.764299,-6.743786,-13.639391,11.352176,-0.257703,-6.042842,31.081862,34.203507,63.072729,4.564166,40.95023,1.306857,15.47777,17.849776,3.485113,31.346509,72.91679,21.696695,54.979016,34.579681,23.438652,16.99323,18.611791,13.760624,9.555893,5.613241,23.151869,7.50542,15.20077,28.935545,25.049355,43.202771,20.911072,46.407798,26.648238,32.011398,28.599744,41.084345,45.392911,8.626332,29.215838,-3.98033,30.508505,23.66495,60.36617,1.546964,33.845906,-10.539072,14.826499,43.785994,34.012117,30.691133,42.036643,10.330374,74.464581,14.813526,30.68587,17.189926,22.806301,33.702504,20.381567,15.341591,22.872069,-10.099604,-9.563527,0.650029,25.035226,17.060589,6.368946,25.709479,23.129928,-2.463014,-6.149829,5.816057,7.381091,18.222206,9.899185,11.255404,7.530853,-26.541383,-24.514842,25.080302,2.98972,20.140843,-9.21783,6.398367,-2.388697,13.693862,-1.155781,3.779819,-23.229838,-6.320769,-30.590527,-46.216413,26.862325,28.652484,2.29485,55.259766,16.401688,-10.834845,-18.91274
-13.188274,11.123633,23.005318,30.423992,-4.699209,5.440826,20.697267,19.418488,4.081356,2.755528,-9.726908,-16.615384,-26.173102,-15.41479,5.481475,-10.017888,-17.230505,-24.942735,4.82782,-6.093542,1.779281,41.397977,44.864487,58.847428,15.202796,45.515201,1.36603,17.48585,2.661904,-16.944843,38.617539,80.398185,2.945737,40.610651,25.936654,29.154855,19.637456,17.9823,12.011312,6.301214,22.58331,26.140393,0.489494,5.092077,15.420978,17.468299,21.797627,14.308594,18.842226,11.472437,24.707635,12.132281,17.158068,30.324277,10.121973,12.634957,-7.569734,14.343378,-7.769874,36.143909,-16.919321,-6.464836,-9.205801,12.068748,35.730273,18.745862,19.947538,38.95749,-0.288742,43.598725,13.243031,33.104787,-6.860057,13.804532,32.559939,22.359922,-0.425314,33.218233,-37.304545,-8.485057,-5.052809,6.800522,16.416126,-0.050411,18.008152,22.842009,-1.130259,-2.524546,8.144657,7.872186,13.722168,8.267963,6.838468,3.068179,-14.060485,3.744254,15.317039,1.291307,8.981446,-5.283705,0.007901,-2.965336,6.992137,1.024538,17.173389,34.600189,-21.139669,-27.92497,-26.937321,26.300073,23.418835,3.895225,34.835427,19.479248,-4.004192,7.201837
-34.594028,-11.043098,5.892582,32.426153,-1.946448,8.002448,1.453675,4.142783,-1.497938,-1.980091,-28.32767,-46.918999,-48.8781,-37.450787,-4.599989,-25.545744,-21.875925,-34.524486,-0.803181,-9.702879,16.545366,44.460987,45.098446,45.893719,36.175384,52.955279,5.980624,27.641456,-21.320209,-37.202915,38.743577,74.085883,-9.899321,19.98932,10.436048,18.827873,17.078125,16.169127,8.942585,11.937927,30.578778,23.633646,-11.289836,-10.356191,-0.795985,9.354112,-8.985924,1.853087,-8.966759,-7.81994,12.263762,-5.777472,-15.188172,5.861036,11.715251,-1.318021,-4.809326,-2.006513,-41.939013,-4.416707,-30.337301,-50.313378,-2.165596,-0.247087,8.769355,-1.355732,3.087421,43.726488,-4.748594,8.742715,4.911276,21.895391,-35.961724,-5.16552,13.5036,13.110612,-20.204985,25.558261,-46.006389,-12.725685,-9.267989,-15.939327,14.383582,2.906019,-0.205848,12.534209,2.291211,4.646882,10.872058,8.817885,2.728707,2.535616,1.236132,-4.474091,16.088637,41.59084,12.072453,4.157034,-0.824025,1.352238,-4.709418,-2.082084,-0.643611,4.536625,26.20535,86.977884,-21.728311,6.64404,-1.625639,15.073991,10.202063,9.27156,-3.312038,19.824535,4.273083,18.06832
-35.286133,-14.248,-6.095734,39.396468,-1.543173,12.339581,-11.744518,-0.815553,-7.707078,-7.615105,-28.791503,-52.239807,-52.203825,-41.947366,-10.803431,-31.965588,-7.673947,-28.185638,8.556493,4.186342,35.256037,48.029053,43.229774,39.590149,55.701785,65.876357,14.886836,42.349266,-29.724706,-38.195118,35.998099,65.726468,-5.754114,9.901436,1.496247,1.02282,15.784899,17.99528,12.027272,20.415299,25.110434,13.999721,-11.387481,-9.640969,-9.559499,15.937779,-20.011336,6.242111,-21.593179,-15.085789,8.206231,-9.420249,-34.726495,-5.477847,11.361404,1.759134,5.984464,-6.187704,-52.531604,-32.63541,-26.668087,-67.421908,9.730024,-10.970012,-14.398642,-12.946687,-6.91673,62.754938,7.416616,5.276296,1.018425,13.838043,-41.668131,-14.844846,2.002408,5.274794,-19.59624,22.028515,-22.28454,-8.853502,-2.5633,-21.035775,14.072583,12.252431,-10.807352,4.295087,6.734285,12.321556,13.001897,9.662612,-5.337332,0.815707,0.539481,-6.656555,34.297085,53.03968,19.878083,8.090489,2.535601,8.998683,-4.945849,1.496915,-2.605031,11.103327,25.082779,103.257637,-12.719936,32.884523,15.242289,11.692765,10.56281,15.333885,-29.580132,21.801801,7.061885,12.3358
-19.022339,-1.81033,-0.743938,49.78761,-2.941367,15.40641,-9.175386,8.509122,-12.968246,-10.380648,-10.694331,-30.910119,-40.525097,-29.154752,-12.26038,-26.981412,16.420896,-9.793818,27.973354,23.631566,45.445051,53.127688,46.59532,46.387924,60.97296,81.28415,22.606994,50.683189,-19.275246,-21.972206,34.556681,63.541417,4.116517,8.719283,2.946809,-17.005119,15.705709,19.790419,18.507438,20.899426,9.081045,-0.932044,1.414818,6.27458,-10.507079,33.897957,-7.370424,25.252215,-21.344457,-8.480447,15.148821,0.393983,-31.373175,1.72791,8.277493,14.979412,14.059156,-2.832825,-43.083415,-38.70002,-14.915198,-59.870633,15.889324,-14.655389,-15.457266,-9.448947,-9.831017,82.629973,23.334205,23.624331,6.196221,18.990777,-22.294321,-7.447549,5.691512,5.486024,1.702445,31.918313,10.1743,4.146216,8.679503,-6.242352,15.284794,16.284448,-4.71332,7.564799,9.736308,16.720153,12.598778,7.519834,-5.139824,5.134412,5.171956,-0.854648,26.365396,25.452625,25.759885,4.259048,14.284014,12.811275,-1.600769,5.68147,0.200747,16.208452,16.43539,79.097684,-4.533216,23.680644,16.020119,19.383412,23.179024,13.613977,-30.879999,25.475082,0.580314,1.967113
-6.582911,5.642709,17.122846,52.592254,-5.124822,13.363023,1.676272,20.976453,-18.165995,-9.983218,7.875306,-5.157856,-30.490539,-14.947394,-11.779281,-17.687376,27.189954,1.816164,38.922551,22.841244,37.995251,52.714082,53.031397,56.550919,52.126592,92.117564,22.173666,44.53815,-9.335749,-8.51421,35.895517,63.216563,1.817173,2.146657,6.575808,-31.658808,11.077985,15.323936,19.226574,10.125735,-7.879119,-14.861722,11.717661,14.265006,-12.013122,41.524355,7.126575,34.064543,-22.208994,-2.243122,22.818937,9.232929,-16.090562,15.055261,4.200417,20.009135,8.442348,-5.462531,-39.707906,-37.280623,-12.903723,-50.485733,4.851909,-16.238868,4.1727,3.630131,-15.287386,81.42618,21.286819,18.379852,13.265952,30.332055,-2.846187,7.678001,12.358261,9.636802,20.129409,40.568862,11.610778,10.849391,8.539303,9.428732,15.682643,7.554596,10.539894,18.259243,9.421985,16.408041,9.438647,1.025443,-0.895126,9.170855,9.167077,5.845246,5.249661,-19.204256,17.035421,-9.314013,19.833516,9.080379,1.581799,6.431241,0.881295,12.281825,7.378193,38.232168,0.709006,-3.623383,3.857343,24.559386,27.770574,0.123558,-20.539471,23.511551,-12.583875,-7.507465
-8.429271,-3.914277,30.029322,38.0143,-7.093397,6.060855,6.765027,22.462146,-22.50281,-9.304792,9.262345,2.246664,-30.416072,-11.965708,-11.41437,-10.621023,14.519453,-4.044752,31.525157,-1.878202,19.736953,41.108369,50.897525,53.309792,38.862436,90.173766,11.782852,26.367673,-14.510896,-10.392825,37.416798,53.759451,-12.86532,-13.662088,4.0419,-37.736378,1.201753,6.369552,11.220686,-3.956454,-14.783635,-18.742356,8.191781,1.054651,-18.693164,24.511344,6.237595,18.190559,-30.072015,-7.655832,20.752852,7.233258,-6.813039,21.401507,1.638513,10.272459,-6.347836,-15.759519,-53.445079,-41.972533,-22.803702,-47.767326,-19.465162,-20.579904,26.659897,13.314198,-25.442645,52.065139,-0.182739,-27.64305,12.710007,34.018337,-2.712168,17.826149,12.239466,11.650408,17.904971,30.894871,-26.350066,0.599668,-6.077051,9.890551,13.497499,-8.052551,20.483111,23.33811,6.238137,12.446897,5.958529,-6.409435,-0.176515,7.49089,7.175061,5.080554,-5.960218,-46.779196,-0.420623,-20.883087,14.003301,1.535838,1.998234,2.484512,-3.940625,-1.379556,3.261576,10.830605,9.619879,-9.783068,-7.336729,18.638419,14.549735,-15.982263,-17.308444,10.598082,-21.811969,-18.625101
-12.109953,-18.715274,25.580765,9.914561,-8.394244,-2.173753,2.168657,10.551546,-22.997583,-11.293966,-4.980004,-9.431049,-31.658389,-16.105698,-10.991957,-5.178755,-6.429944,-16.530176,16.008788,-21.209121,8.940319,22.166882,29.652917,29.797755,25.443671,70.069716,-2.10806,6.845347,-25.474399,-17.629904,32.631767,30.320085,-21.218293,-23.78518,-2.374822,-28.529803,-4.84673,2.793107,2.584959,-10.247355,-7.020267,-7.153905,-1.132151,-15.72069,-24.886506,-4.422018,-1.502983,-4.340329,-35.241454,-18.204701,9.351402,-0.550853,-8.538715,19.869015,1.152568,-1.366552,-12.613701,-18.708314,-62.178003,-44.748985,-26.379097,-35.922522,-37.049567,-23.638912,33.998933,10.19898,-28.479936,11.088864,-16.312876,-66.316525,4.757333,26.736916,-13.045839,20.932202,10.819973,11.7279,4.08293,9.285479,-66.455941,-14.516862,-18.35799,0.568171,8.787467,-16.602622,18.162054,15.876334,2.606186,6.611789,4.831215,-9.011311,-4.228862,3.54754,0.820539,-2.504115,2.143493,-41.425009,-7.376458,-14.902962,7.838493,-0.198835,0.770607,-2.485568,-8.98195,-14.338701,4.825478,9.917769,24.338619,16.424248,-1.550195,12.390516,-0.690214,-18.672225,-21.853968,-6.091018,-15.986098,-27.724102
-0.046435,-17.488822,8.599007,-14.814884,-9.20635,-6.539399,-3.260092,-3.92428,-18.254203,-15.542988,-16.816992,-21.185797,-21.69584,-13.503837,-9.885888,2.505221,-13.709864,-16.833019,9.540931,-5.305227,16.498704,6.456759,-7.394216,-3.630319,6.001434,33.801715,-9.625495,-4.70925,-22.42462,-11.648212,15.812514,-0.802703,-9.519895,-13.718207,-3.954688,-5.557761,1.552036,10.614582,2.814082,-4.703589,9.491771,14.808782,0.294742,-8.296014,-23.061074,-18.682609,3.370006,-2.310136,-26.983001,-18.705555,-3.166541,-3.569906,-12.14287,17.170817,0.873258,0.32698,0.491389,-2.000178,-38.292522,-29.019606,-7.980418,-2.622839,-31.883347,-18.529421,21.421568,-3.672004,-14.044731,-18.032306,-3.754318,-32.822978,-1.077534,18.297715,-11.235561,23.183108,16.311986,12.884107,0.896709,0.856472,-65.559867,-11.257758,-11.641762,-1.430063,2.853842,-10.360595,8.106903,2.839359,0.746957,0.539051,5.705738,-4.947725,-7.039543,5.028624,-3.408249,-8.135675,20.003378,-13.914508,5.385939,9.7175,13.570245,8.868743,0.727712,-3.700427,-6.725596,-14.402379,9.098343,24.741493,34.376104,42.56257,23.938195,21.791528,3.07689,-2.641684,-19.601673,-11.43354,2.880053,-22.529733
25.630293,4.121111,-5.323764,-21.70995,-9.490135,-6.207235,-0.994451,-9.389401,-10.800699,-17.680914,-12.451554,-16.680665,-1.093403,1.764698,-8.226236,11.972961,-3.895467,-1.105181,15.242624,38.069563,33.919817,0.984831,-41.628619,-29.427543,-22.741151,-7.845739,-6.626947,-7.573895,-1.866945,9.963637,-10.547281,-29.053494,12.225868,8.758826,1.139815,15.627862,15.374208,22.868806,10.687517,7.3093,22.145833,32.488449,14.522148,22.956525,-15.279087,-9.457564,21.336681,29.190754,-10.32524,-6.507765,-11.69233,-0.902051,-10.684772,15.574166,-1.155102,13.007424,23.000969,24.79195,11.850634,1.846867,22.848011,35.406209,-10.056032,-7.312413,-1.68251,-17.258756,9.18047,-28.341829,30.513197,69.781912,1.769914,17.093171,8.350807,26.403413,23.157331,12.596225,14.144504,18.082127,-22.220682,15.594094,8.740845,8.66654,-2.683574,4.426118,-1.424088,-3.638207,0.846726,-3.837441,5.15439,0.920401,-3.824522,12.404572,-2.18527,-5.716609,32.933954,14.823651,24.237484,34.284667,26.781607,21.572009,2.219744,-0.779428,2.467961,-1.457591,12.187679,33.589263,26.788792,32.209982,50.947221,43.084208,22.682519,18.185971,-3.568775,0.413417,16.946743,-0.064477
43.457722,27.146619,-7.189549,-13.386279,-8.108116,-4.464178,5.775215,-5.735128,-4.547867,-12.886765,2.969118,1.455346,17.242351,20.856905,-5.979316,17.837179,7.470536,16.421206,19.460379,68.359633,42.465856,2.875233,-53.88141,-39.794811,-49.778282,-41.223791,1.109518,-8.369215,19.082561,29.551214,-34.270943,-48.988822,20.866593,19.120678,3.411606,16.554561,20.299114,25.616967,15.222264,16.693047,21.236142,32.791964,24.826444,44.484841,-11.348737,3.051991,30.092354,58.685818,-1.905357,3.504994,-18.127042,-1.441578,-9.201193,10.622103,-4.597605,19.159599,34.210319,37.64548,48.899328,21.571734,39.068388,47.234326,7.202451,-0.332601,-20.911588,-21.008092,19.083334,-33.190404,54.822868,156.539034,8.41649,18.227405,27.54597,23.855174,17.76266,4.008997,26.125937,42.362352,23.986989,43.271966,21.310662,16.950687,-6.404037,14.399806,-6.796004,-0.710446,1.305227,-4.73151,0.357663,1.861594,2.385857,16.436712,0.558541,1.151255,34.29432,32.295147,26.921515,36.939667,29.540007,24.890301,2.196142,2.062616,9.816255,11.461723,12.74824,24.696648,3.866469,-7.770274,53.709531,51.409339,32.028859,23.966281,13.954874,16.788169,9.99809,21.690894
38.426211,30.627308,-3.297414,-6.760575,-3.51911,-4.665028,6.595339,-2.987712,-0.680225,-0.803433,12.908361,18.007158,24.453776,31.268277,-2.27136,16.915325,8.949818,22.943884,10.189153,57.556441,33.16519,2.934071,-43.106286,-42.831526,-57.996347,-60.195446,3.722734,-13.786164,25.717427,31.19116,-43.320721,-61.968292,7.409965,4.329933,-6.626439,-4.837741,6.739041,12.958738,8.709143,17.299592,7.67062,16.157104,17.215109,28.562136,-15.378787,-6.125588,13.671961,53.241279,-9.150462,-2.281226,-24.665243,-9.511908,-14.722789,0.129314,-7.225196,7.889397,25.737945,25.228855,44.69924,11.646918,27.250252,26.995699,8.38817,-2.27608,-27.335592,-15.197875,5.093896,-47.369285,47.409647,146.120793,8.474403,10.260017,29.064955,10.242168,0.002026,-12.69282,19.650555,43.692712,38.344431,45.116751,15.646206,10.226526,-7.663068,12.724833,-9.36979,2.632371,0.554999,-2.477883,-7.497442,-3.358903,4.460705,9.026005,-1.521964,4.360592,25.051135,37.063954,7.504215,15.058187,12.139524,14.484916,-1.826987,1.552851,8.408558,12.898017,13.78454,8.567079,-14.820635,-31.890286,24.716691,28.793545,14.603446,10.683823,15.847801,18.705313,-12.013534,21.524443
21.082436,15.067071,-6.055123,-14.774771,4.085703,-6.593621,-2.22785,-8.675799,2.952093,13.21835,9.399791,23.769285,25.937806,31.190615,3.342705,13.560723,8.317077,22.913164,-6.727012,22.806556,14.914128,-5.525834,-28.932451,-51.670774,-44.234034,-70.432276,-2.472502,-24.479227,24.748014,20.516284,-38.029483,-70.439629,-12.194926,-20.736235,-24.932188,-29.652898,-15.149631,-6.252813,-4.24905,8.69795,-7.36376,-3.12546,0.447659,-10.062083,-18.695449,-35.345418,-13.05126,17.904632,-19.601214,-17.180252,-27.58925,-16.362734,-22.017636,-9.739859,-7.438647,-10.942898,10.405578,2.706119,16.599585,-12.591491,4.886169,6.277327,4.44564,-3.956741,-22.117447,-7.949334,-17.856331,-68.550212,19.174776,51.319859,-0.954429,-8.311912,19.392947,-8.117116,-10.405554,-24.59374,1.440123,16.012928,25.680848,21.166522,5.853201,-4.594147,-7.149338,4.938956,-10.562391,-2.181911,-1.536493,-0.363141,-14.049421,-9.096777,0.109977,-6.128604,-9.292453,1.416005,7.208078,30.589599,-17.078475,-11.217557,-13.029801,0.377916,-7.596218,-0.480093,1.452174,6.111301,19.31943,9.020237,-12.106198,-9.92172,-13.92528,-11.198167,-13.657165,-5.236167,1.42942,1.735643,-24.314483,3.498972
15.825725,0.536453,-18.190947,-32.308339,11.657335,-7.082406,-11.914312,-18.55106,8.70605,22.453014,1.960278,23.787585,32.553028,29.794863,9.657459,15.85208,19.958718,29.680843,-13.861824,6.447396,2.583756,-21.097603,-32.189095,-68.39372,-25.239578,-80.908913,-11.264694,-34.771995,33.940242,17.590465,-30.515009,-72.96487,-15.428028,-29.328836,-35.740714,-36.448473,-24.327624,-17.40979,-12.351812,-4.419586,-10.517503,-9.6375,-2.427065,-26.916121,-9.40649,-55.395588,-18.149193,-8.691306,-14.912631,-19.861064,-21.090319,-10.225226,-17.273768,-10.475017,-5.702141,-17.477447,6.746889,-5.544581,8.270343,-16.428241,1.607878,19.697646,13.720721,7.04294,-13.094099,-5.476037,-25.141923,-80.006259,-1.389072,-34.256363,-11.370807,-24.964376,19.856781,-17.543591,4.511871,-17.255144,-5.509486,-15.047751,15.544278,-1.767516,12.127734,-7.01203,-6.336096,1.975263,-9.299533,-11.630496,-3.849682,-1.939125,-15.884981,-9.134187,-5.413183,-16.996731,-16.631633,-2.508739,-16.173207,13.961927,-25.68394,-19.14502,-23.258687,-3.916276,-9.390821,0.158949,-2.141416,3.611187,27.044125,35.99504,6.643603,34.256119,-29.793252,-33.922773,-21.607682,-5.911563,-12.575077,-19.263071,-11.356166,-3.815707
32.080323,2.722624,-28.786894,-41.897894,15.11219,-3.953523,-10.899707,-21.144748,16.231766,24.32389,5.768265,27.510501,44.884301,34.238851,14.936947,26.607619,42.00377,44.763386,-3.242116,26.321069,0.454727,-35.811777,-51.937765,-80.0273,-19.983229,-90.626185,-13.518998,-37.334146,56.075089,31.603029,-29.904833,-65.575471,1.758864,-12.370109,-28.03092,-23.019768,-11.088383,-14.206436,-10.253174,-14.489696,3.521229,-0.284412,17.677985,2.286287,12.720218,-40.625163,9.819794,1.169499,7.259887,0.899113,-6.011071,7.648821,3.127523,-1.261041,-3.326783,-4.276978,17.901409,6.142315,38.19083,13.623692,25.061874,62.917842,37.675028,28.812921,-6.587702,-5.630097,-10.23109,-69.755692,-1.343273,-41.316084,-12.923901,-27.621213,37.561413,-11.446194,36.188472,7.759307,9.103691,-22.110359,22.178082,-1.355291,33.568701,11.834033,-5.756146,9.070042,-4.210226,-13.66429,-5.108301,-6.906736,-13.250408,-3.349606,-5.869221,-16.671765,-16.916441,-2.386047,-36.193355,-7.439564,-14.507524,-5.837772,-9.774669,3.452221,-4.213916,3.935837,0.762793,9.193245,25.604123,64.318981,17.665943,47.527143,-12.863601,-20.101337,-0.680597,7.456368,-11.621622,-27.7081,12.964088,17.294573
52.697443,15.738723,-25.546065,-32.771114,12.678041,1.114531,1.773867,-10.953768,22.339012,20.940238,23.264328,34.919345,50.975916,40.037404,18.766529,39.439953,54.23888,52.682978,13.473436,55.007593,0.109219,-41.460332,-64.703486,-71.202074,-29.241901,-87.068876,-7.11796,-28.824906,71.457955,48.481626,-31.093493,-47.248017,22.043508,12.901824,-7.952298,-6.522865,12.20861,-2.761193,-3.018918,-15.178547,26.672443,14.502505,42.527678,52.914398,34.478097,3.227023,46.129796,32.164691,30.162376,31.789074,8.72555,22.363036,24.110783,10.208188,-0.718378,15.942114,29.251487,19.613618,76.995921,51.991311,51.200317,94.037009,57.044822,43.576592,-1.751336,-2.080685,8.715996,-43.323236,5.309317,1.093098,-6.132359,-19.309731,53.781614,2.612932,53.85512,30.54022,29.33352,-7.297561,30.681918,14.602408,47.304202,36.400578,-4.174095,21.91558,3.616439,-2.427139,-4.618501,-10.503544,-8.659744,2.776759,-1.142941,-9.903637,-9.767299,-0.017356,-40.899443,-22.789934,1.878298,10.836717,13.44968,11.14204,3.920797,6.343578,3.818199,10.930678,3.974913,46.946385,4.672544,8.869705,13.620683,12.481988,22.863254,16.874623,1.561021,-23.99098,20.432334,47.228581
52.916246,20.969597,-9.102511,-11.864443,6.255381,3.886596,14.932773,4.625148,22.77692,14.505716,39.933562,35.835459,40.1862,36.469779,21.340205,44.256593,40.714852,38.925923,17.788424,52.120733,-6.898395,-35.819633,-49.368593,-40.517467,-37.467641,-61.278565,1.211982,-12.705865,59.37229,46.461274,-22.694139,-23.417855,26.907698,23.180862,7.300153,-2.079652,23.939748,6.334449,1.339182,-6.394769,41.527889,21.671015,45.540259,77.548974,42.478664,44.54276,55.863938,44.160782,36.512424,47.961832,14.500103,21.873426,27.261515,16.384012,2.210672,24.796991,25.928799,15.783163,80.585797,61.649184,50.458973,78.266236,52.849775,36.311735,6.477248,6.156572,11.002877,-16.943922,-0.956713,9.170848,-1.026717,-13.78166,45.171463,11.711285,36.359811,31.244259,31.640121,3.130742,22.214025,18.31452,35.677094,42.491559,-0.405269,31.89243,10.924112,13.697373,-2.376708,-8.019578,-3.829263,4.663811,3.744644,-5.183976,-0.606169,-0.804076,-27.266058,-24.444743,7.853826,12.647564,25.331603,8.330583,7.133138,3.558465,0.151939,-3.754077,-33.315694,-38.046074,-22.439819,-44.945089,17.755158,26.808575,17.024845,9.518127,13.349444,-22.58276,3.464286,49.727536
27.333438,9.93078,6.83425,4.79334,-0.545437,1.781308,16.750003,12.549365,14.629257,4.333254,38.570286,22.587052,15.87222,20.26728,20.976621,36.325204,9.06147,8.737529,4.750662,11.23448,-18.358717,-24.533929,-11.672209,-3.648798,-33.468696,-23.263032,3.94979,2.655194,22.4596,21.028919,-5.426793,-3.953128,14.87764,12.873664,7.323779,-5.342403,15.011237,7.392504,0.54852,4.368844,34.06734,16.589085,21.197963,55.859892,35.187593,56.194293,31.062355,18.763413,25.467691,38.159542,10.83657,10.018835,12.138165,15.985783,4.274084,16.686979,8.705411,-3.039451,39.720392,34.944489,19.816458,25.030703,27.050652,12.269529,18.164553,12.03111,-2.803158,-1.069847,-19.828137,-49.143528,-4.773564,-17.43372,12.053735,11.280779,-4.018949,10.132171,12.209934,-6.843083,1.159113,-4.52473,7.597275,23.138736,3.963495,33.096802,14.452407,20.538996,0.877424,0.048522,1.02094,3.20893,5.475833,-3.767854,5.579243,-5.481103,-7.222092,-16.135127,1.059471,-0.430309,18.547811,-3.012125,1.700852,-2.169324,-7.662923,-28.405582,-62.78044,-149.257794,-37.858203,-60.106027,-6.729178,4.426016,-19.052966,-7.346124,15.854081,-31.56261,-13.662947,18.368913
-5.34783,-6.098735,9.527023,9.266865,-5.173112,-3.192625,6.014656,7.72889,-0.777457,-9.669982,16.624188,0.560053,-7.665942,1.235077,14.632421,19.940478,-17.117174,-16.536792,-12.603699,-32.751292,-24.876822,-16.859004,19.908269,20.162091,-22.607517,2.847671,1.16788,9.70767,-14.87426,-9.620459,4.002723,3.144421,-1.06446,-4.135726,-1.821176,1.003051,-3.914588,1.4936,-1.981138,7.885698,6.799008,4.186482,-9.542382,11.462557,20.704862,37.323844,-3.637047,-20.372758,9.195288,13.961042,3.63823,0.084942,-3.420247,10.907632,3.310723,1.187783,-8.87063,-17.487018,-10.926229,0.183852,-14.871605,-22.90699,-0.363625,-7.518894,23.89242,8.812971,-13.387284,7.142852,-32.72912,-113.463218,-12.65204,-21.033595,-20.332549,7.624495,-33.15263,-12.950742,-10.15139,-22.963156,-10.788142,-37.263348,-12.148105,-4.927067,4.912946,24.791103,12.33485,13.197055,3.569189,8.016388,5.261259,2.60249,5.8385,-0.240787,8.568686,-8.331836,3.785373,-8.084961,-9.634991,-12.730824,3.024392,-11.564988,-7.496254,-4.638482,-9.917736,-39.311006,-59.587074,-200.589091,-27.509214,-25.544849,-34.094549,-37.248097,-52.461154,-15.689206,12.125836,-40.457139,-4.038017,-10.464017
-22.781268,-9.761815,-0.053687,7.526363,-6.679496,-5.819482,-8.112709,-2.001606,-15.990122,-21.661174,-10.834846,-15.672515,-18.771535,-6.966781,2.77496,4.017842,-22.723264,-20.988753,-18.620397,-42.362511,-21.490906,-17.815364,24.092143,24.597482,-15.601913,2.52616,-0.385643,7.301758,-30.804332,-23.766156,-7.733432,-2.195901,-9.387996,-11.753658,-5.93273,25.659994,-15.538966,-7.333993,-3.284532,2.009272,-20.021665,-8.278503,-23.024876,-18.891568,6.099968,7.522482,-20.304844,-35.299589,-2.727339,-4.511538,-2.376723,-1.802101,-4.596709,1.306357,-0.684363,-9.556983,-16.044489,-14.594317,-31.641538,-11.295311,-26.756571,-32.806841,-12.262804,-7.744067,13.170535,-0.499964,-6.65975,16.524737,-26.877071,-102.894716,-13.136825,-12.469769,-28.537818,7.698552,-29.217931,-18.816661,-17.110326,-19.838832,-2.814353,-50.189061,-11.417078,-19.721135,0.278067,9.905228,4.738228,0.295849,3.855926,10.406562,6.944411,4.909382,7.872831,7.166685,10.940209,-4.475797,4.325235,-3.690586,-15.085476,-11.346378,-7.893493,-10.480661,-11.31813,-1.057851,-2.000711,-20.216162,-21.979776,-133.518759,-2.481449,17.118485,-35.026661,-64.023449,-49.843827,-7.643893,6.900757,-31.932541,27.11974,0.356431
-20.046112,2.421732,-9.144055,8.732652,-4.485802,-2.424088,-15.534182,-5.033772,-20.445941,-21.889979,-24.581203,-16.375278,-16.601561,-0.966772,-7.497086,-5.340846,-13.303414,-8.304482,-11.483187,-16.716017,-12.979439,-23.525792,9.513535,19.378418,-11.022641,-12.386004,3.927156,1.204793,-24.557184,-17.399413,-30.434237,-11.186196,-9.173655,-5.786694,1.566123,57.557988,-13.068037,-15.05712,-3.801976,-6.11869,-24.370535,-17.974844,-16.899582,-23.329709,-6.947526,-14.078634,-15.235539,-15.240867,-9.752822,-7.778484,-6.725396,-1.67628,4.388815,-11.964208,-3.75629,-11.646165,-14.259819,-1.05398,-17.36754,3.092441,-13.658341,-9.26198,-8.577935,7.044838,-11.039555,-5.362283,10.614057,30.373719,-10.657512,-12.392555,-1.209808,5.64312,-13.971941,9.813578,-2.292854,-6.474505,-10.243718,5.228716,12.397544,-32.023121,-1.772727,-14.8743,-6.631057,-6.67969,-5.193316,-6.719987,1.038166,6.868204,4.936148,8.064557,10.787887,11.829493,13.332346,3.432013,7.961177,4.254985,-11.953404,0.916127,-9.89063,-4.289056,-5.413038,4.535877,8.824471,17.504207,23.324857,21.747675,15.863126,22.487728,-8.059581,-57.296841,-9.310476,7.278244,-0.484805,-3.339027,47.059242,40.773356
-9.893012,16.40117,-6.783386,12.690064,1.656063,5.255523,-13.076804,0.917963,-9.165747,-6.989266,-17.73069,-5.885551,-7.687529,8.324487,-7.527023,-8.674557,-3.665445,5.682491,-2.73632,11.233404,-8.05805,-25.202124,3.972245,17.850182,2.90854,-15.384772,10.530364,-1.623258,-11.131742,-5.074681,-37.208205,-12.359307,-5.613181,7.088954,13.925163,76.428099,-3.704071,-18.244393,-4.759944,-8.039769,-4.12243,-27.184366,-7.690265,-17.757595,-16.915205,-21.260586,-5.060336,15.016387,-12.606541,-1.051507,-9.363129,-5.86919,8.921348,-21.63453,-1.520318,-8.446876,-12.048075,7.548968,4.472691,21.429495,4.661402,18.509999,-0.809344,19.961138,-29.307631,-0.323569,20.794763,43.005159,-2.610323,79.528088,15.290837,16.685188,2.48541,6.29046,19.248087,9.430653,-4.671773,26.51275,15.581154,0.198355,-0.716146,-1.327692,-9.286905,-19.399115,-11.558825,-5.996035,-3.42443,1.521048,1.237386,8.784544,10.722972,7.007035,13.193267,8.015249,24.17913,21.070126,-1.654924,10.722354,-6.623373,-1.583302,5.34735,6.16187,11.062716,43.692085,43.313085,161.532876,19.570622,-9.73253,20.201145,-26.754933,40.370671,15.003584,-10.610013,27.895978,35.823409,61.350689
-6.535014,15.869072,5.671219,11.077936,9.769483,10.926982,-4.568752,6.421642,10.206433,12.924365,-0.625495,2.092677,0.944944,6.072799,3.134614,-11.072039,-1.02421,10.10904,-2.748107,11.567404,-10.951232,-18.809455,21.95946,22.897618,28.551781,5.005493,11.333902,0.145143,-3.552315,-2.562776,-14.446002,-1.070507,-2.380546,17.465453,20.003955,71.20906,1.571621,-15.602031,-5.981591,-3.607344,17.400063,-39.581746,-8.665893,-18.731616,-18.65901,-17.577063,-2.748696,24.659443,-7.100685,6.060418,-7.896676,-9.97055,4.290982,-17.146028,4.704014,-4.096579,-14.580695,5.118691,8.573108,26.381703,9.796,27.465066,2.154416,19.852045,-22.35047,7.090704,16.344845,45.523695,-9.667175,95.621238,23.166499,9.242439,4.581941,-6.419753,17.262519,14.899066,-8.42378,19.760765,2.81261,20.781521,-10.095007,7.106425,-4.81552,-24.603664,-9.476174,-5.269609,-6.742269,-1.853211,-0.515469,5.965476,6.021537,-3.910236,8.250284,5.92079,42.937565,37.63133,10.765543,9.123833,-2.00795,-4.278864,11.691341,2.921885,2.141824,38.774022,27.521105,193.293878,18.389545,-40.417468,24.425087,4.106252,66.640622,11.533849,-16.670956,41.259571,11.563254,31.465508
-13.204957,-1.376843,17.139305,-0.090971,15.052923,9.127073,3.901462,1.416827,21.772778,21.349974,9.049206,-2.186111,3.887402,-12.044273,13.987504,-16.841679,-3.319907,5.766397,-10.110198,-14.839524,-19.521426,-9.99332,47.633762,25.939598,48.796212,31.03349,2.820973,1.442768,-4.235779,-12.06794,19.956814,15.869709,-0.810159,17.586045,16.128249,46.557318,-1.688321,-10.546318,-7.815671,-0.703107,11.846169,-56.355186,-16.589565,-25.009855,-9.074744,-8.691749,-5.942417,6.947464,8.817374,8.676229,-1.338629,-4.738159,0.378669,2.433231,7.073196,-1.329422,-20.186878,-1.750178,-4.571673,21.111638,0.69073,15.431468,-0.294638,9.315916,7.586008,4.381014,6.078824,33.253903,-21.205771,35.620464,16.631789,-8.910198,-5.439906,-22.995485,-3.443779,7.194343,-14.896126,-9.133102,-14.321723,19.623314,-17.812826,5.199667,2.101314,-23.57302,-0.453512,-10.947824,-7.078766,-3.016808,0.505537,0.770412,-0.348494,-9.934532,0.058886,1.291382,44.500432,36.969699,16.19283,-0.889993,1.966245,-7.163076,9.01048,-0.651611,-8.713305,11.473961,-5.324683,110.498896,22.386907,-38.530444,5.692815,19.536313,56.324203,2.199239,-10.194253,32.440101,6.993265,-22.242156
-24.198373,-22.683246,18.176662,-13.427072,13.310732,0.469449,7.877445,-12.563226,16.300437,11.86347,1.593384,-15.762951,-2.80697,-35.195635,13.392109,-25.504554,-9.478447,-2.166864,-15.978187,-44.209644,-29.351716,-7.692956,52.735141,18.874028,43.68606,34.852656,-9.842006,-2.751344,-10.29433,-24.047677,34.307261,25.856489,-2.652387,3.124904,7.87078,14.629254,-10.346161,-10.05138,-12.664929,-4.9639,-25.004046,-74.183096,-21.082597,-27.613956,5.283465,-0.203295,-8.241921,-21.578845,25.304263,6.086184,5.174403,8.764378,5.616829,21.309859,-0.970343,-3.173216,-24.803804,-6.206034,-18.532041,16.592147,-11.702539,-7.171862,-5.519134,-2.757461,35.131001,-10.14669,1.749916,8.759751,-23.594509,-37.744736,1.883814,-19.753372,-15.750522,-34.763316,-26.752783,-8.35477,-15.731262,-31.867883,-25.333496,5.437633,-17.537213,-5.088741,3.553347,-21.89346,6.949865,-20.258571,-5.036239,-3.884461,0.5303,-5.291684,-4.390053,-5.729962,-6.740038,-0.152641,23.976364,15.074664,5.823457,-10.224838,1.945348,-6.745757,1.36483,-1.085348,-11.120882,-13.363033,-28.109405,-12.606037,27.548072,-11.438318,-13.974013,19.092516,17.976789,-9.208844,5.354036,13.849181,25.77571,-46.222215
-33.797653,-33.879175,8.893271,-17.897733,5.720834,-8.434208,5.931925,-22.872931,1.851487,-4.117349,-16.950204,-26.61986,-18.248267,-46.738815,1.11977,-32.200972,-22.848639,-12.005921,-16.064158,-57.594656,-37.180689,-12.970528,28.388487,4.6491,15.329117,10.32738,-17.919312,-10.959473,-20.116551,-29.609932,18.186683,22.195897,-8.684633,-22.319627,1.817529,-14.97161,-18.683543,-18.023085,-21.33967,-12.128646,-65.806572,-85.466128,-20.82467,-27.994438,11.296904,1.624703,-12.576407,-44.13437,25.937559,-2.237377,3.448202,16.262982,13.314901,18.661139,-15.759746,-11.649889,-26.537904,-10.217005,-24.503479,12.803674,-19.193489,-29.816759,-12.517751,-11.472739,35.486644,-23.050455,3.921764,-19.78433,-15.648763,-72.859744,-10.101562,-15.98547,-21.282012,-37.792959,-42.840514,-25.739198,-14.284229,-31.933417,-29.658287,-9.883447,-18.168431,-20.873375,-3.160264,-24.053928,4.111468,-25.416844,-2.733301,-5.355297,-4.708378,-10.968351,-5.676992,1.451671,-8.525988,1.587549,-1.373263,-10.172336,-18.698305,-13.756091,-6.212217,-6.399249,-3.295511,-0.651792,-4.829544,-20.87073,-30.301845,-94.405316,23.088496,13.163696,-18.206746,10.041867,-29.136686,-23.906166,13.365256,-1.191645,35.787,-24.012385
-40.178029,-31.665913,-3.173194,-11.78225,-1.113682,-10.880221,-0.061208,-18.79616,-3.612148,-8.912652,-30.88554,-25.445501,-33.005691,-38.763075,-11.377713,-32.12793,-42.224382,-24.200584,-15.437898,-55.751209,-40.937649,-16.665407,-5.748051,-5.712591,-10.89642,-19.123423,-17.341164,-16.51734,-32.159601,-28.305445,-6.279331,10.430119,-14.867929,-44.596435,-1.721077,-37.290973,-22.137228,-29.727735,-28.473476,-13.006109,-76.649681,-81.639515,-24.540833,-36.520327,2.237499,-7.194944,-26.45743,-58.053553,5.908155,-15.897142,-8.570968,5.621222,9.765497,-10.184654,-24.591132,-23.373373,-25.773026,-19.010745,-27.885762,0.167938,-22.127264,-44.850994,-20.492978,-17.172944,9.818334,-19.802915,3.897877,-42.613248,-7.786496,-73.0077,-13.764327,-8.142552,-26.941573,-34.395877,-52.047254,-39.198589,-20.896333,-22.998687,-29.536583,-23.438937,-30.503784,-38.982985,-12.499131,-28.587836,-9.117847,-23.573183,-1.541748,-6.647416,-14.121128,-14.432319,-6.96681,0.733459,-5.6467,1.437325,-13.656988,-16.384795,-41.109356,-13.471677,-21.046413,-10.934046,-1.204359,-4.04745,1.208081,-16.755391,-22.365572,-109.962505,9.152997,23.267637,-12.532429,-2.089817,-65.524338,-40.184109,1.813387,-10.46386,10.53615,4.294221
-42.923599,-23.874929,-10.897994,-4.658659,-1.506757,-6.364713,-5.717961,-3.061845,7.840583,1.857027,-29.373325,-14.082379,-34.038961,-18.609854,-14.29513,-25.146439,-55.859873,-35.948993,-21.329098,-50.291221,-39.24074,-10.017833,-24.028042,-5.875496,-13.01434,-26.166655,-11.360195,-15.403431,-41.552566,-25.055115,-10.716187,2.408596,-14.453345,-47.646333,-7.031694,-49.344013,-18.456674,-35.04847,-25.477715,-5.319182,-50.190594,-59.124657,-37.014171,-54.609598,-14.515115,-23.452518,-47.185723,-67.724596,-19.483964,-30.304133,-22.926649,-18.063578,-6.551746,-46.763415,-18.138433,-29.920501,-23.49518,-30.939688,-34.868871,-23.245877,-23.518329,-46.655602,-26.59188,-20.331605,-15.927012,-1.767358,-3.44255,-53.000509,-9.206557,-70.85746,-11.906932,-9.599577,-36.832485,-28.32161,-55.874155,-40.936048,-36.873413,-29.274597,-23.017632,-37.141399,-50.006827,-52.899167,-16.758616,-29.898926,-23.791963,-19.879379,-1.063284,-7.259619,-20.875259,-13.726676,-9.877058,-8.595222,-1.506659,-3.509939,-17.705333,-2.076586,-42.640737,-13.783072,-33.170219,-18.735645,4.28533,-11.360171,-0.28109,-14.236566,-19.637738,-88.939293,-0.688766,29.089096,-13.842872,-15.414361,-78.160958,-48.566533,-20.197983,-19.135762,-33.326099,-8.24676
-40.97808,-19.99009,-12.580904,-5.892651,2.863626,-0.846239,-7.081831,10.652573,23.597464,13.976442,-16.264525,-2.948607,-17.643236,-1.760263,-10.644977,-16.066409,-51.369601,-41.557021,-33.141512,-47.942611,-32.343485,3.828718,-21.239425,-1.468576,3.881818,-9.059616,-6.011563,-11.02984,-42.901675,-22.874646,7.052437,4.180402,-6.382931,-29.56501,-15.714847,-49.813723,-9.15617,-28.484655,-10.371716,2.590816,-11.833535,-23.630123,-50.142985,-67.785593,-25.097408,-37.440254,-60.038426,-72.267533,-29.508024,-38.341541,-29.218957,-36.992791,-20.877303,-66.269633,-1.367429,-25.935514,-20.945694,-37.934436,-41.292477,-44.616813,-23.069123,-35.488726,-28.607418,-19.808814,-18.652999,14.335782,-13.180589,-50.308339,-19.235486,-80.382958,-10.258122,-18.831537,-45.800478,-20.932942,-50.722534,-25.317272,-49.311142,-52.59821,-9.557548,-47.300102,-59.556336,-54.818034,-14.268733,-25.23554,-30.431165,-20.288791,-0.318235,-7.978485,-18.788826,-9.02605,-12.755676,-16.14505,0.660037,-9.823254,-33.691918,10.781589,-21.45001,-16.354361,-33.696854,-22.760231,7.250485,-16.604813,-7.365557,-16.874643,-26.218216,-66.997857,2.872476,37.371182,-28.185335,-28.250206,-66.080442,-40.78127,-29.807443,-28.951583,-52.699918,-56.910498
-34.166694,-22.400558,-10.684179,-13.649087,4.224838,-0.422884,-4.196346,11.471503,23.269487,10.791811,-5.723524,-0.436887,3.799002,1.929314,-11.170116,-9.950388,-31.098053,-38.195232,-41.169522,-46.293088,-22.370494,12.157075,-12.863107,-2.914379,15.340109,9.036974,-4.324941,-9.614872,-36.34764,-20.267859,22.98043,10.787923,1.111043,-7.540008,-23.1303,-40.943581,-0.442094,-14.679996,7.388797,1.556277,7.641634,12.444107,-51.245061,-61.415073,-23.543372,-40.770832,-54.070661,-66.252374,-20.163297,-36.853622,-25.16074,-39.691072,-19.365255,-60.367107,10.25552,-15.917878,-19.288419,-35.407627,-38.270029,-49.807106,-18.675001,-20.70708,-28.549562,-16.16603,-1.868025,14.843272,-16.775733,-38.889615,-29.85566,-86.578752,-10.861129,-21.176063,-44.261239,-12.20053,-33.084167,1.973817,-44.434003,-67.086727,2.554919,-44.587376,-49.083667,-43.185867,-10.125701,-18.286389,-27.325871,-23.433593,0.642467,-9.108369,-8.607493,-3.467255,-13.2971,-13.533089,0.071085,-11.725899,-65.472375,1.9421,2.980602,-19.544774,-24.643156,-19.180066,5.544801,-14.1365,-12.455199,-17.657784,-34.137151,-52.174476,10.445596,34.691315,-43.144382,-36.93133,-41.655807,-22.053539,-15.910156,-35.196912,-30.998139,-89.455517
-24.438296,-25.651122,-7.73289,-17.431856,-2.645056,-4.936883,-1.240986,1.680328,2.133594,-6.972728,-7.424564,-5.003993,12.270405,-4.360821,-18.954926,-7.147367,-11.752263,-28.555193,-35.433081,-40.517839,-11.180953,7.391027,-12.348296,-11.936826,7.175568,9.064061,-4.993721,-11.503607,-27.479177,-14.560359,17.734555,13.271866,-0.923197,-1.554673,-22.683723,-27.63261,0.60562,-2.682802,15.301198,-6.866224,2.546726,38.762985,-37.630208,-38.898426,-16.115573,-33.363238,-35.036194,-49.655822,-7.075073,-29.602927,-17.320961,-31.31416,-5.310719,-41.262988,6.760839,-9.743243,-17.693488,-27.117959,-24.330979,-39.194883,-10.691075,-13.621661,-29.929328,-12.863838,10.819269,4.139392,-11.40533,-23.371679,-32.833248,-73.27254,-10.877795,-7.444287,-29.47791,-3.148357,-8.368946,23.431319,-23.119791,-48.528281,3.065218,-25.145164,-26.943052,-25.787439,-8.921971,-14.43563,-19.507317,-21.672898,0.88671,-8.648511,2.997368,-0.267844,-11.71922,-4.578179,-1.731552,-7.636131,-86.247341,-23.315141,9.071747,-20.661405,-17.074713,-11.837551,2.048607,-5.258362,-11.0149,-11.416105,-33.421107,-34.737515,3.952131,6.27923,-41.965762,-37.213211,-21.719774,-8.179334,7.328057,-33.204078,-0.766516,-67.867897
-13.861642,-22.63494,-4.134127,-10.481072,-13.718337,-8.434364,-1.9718,-6.68698,-21.566057,-20.812036,-16.234468,-7.918662,2.836233,-9.902263,-23.507733,-3.633645,-6.045906,-17.193803,-15.705767,-29.153202,1.263593,-3.229957,-15.315515,-17.898997,-8.693137,-1.754798,-5.138594,-9.679733,-20.466256,-6.011291,-0.327414,9.168667,-10.439876,-12.745675,-12.91081,-13.699953,-6.383228,4.175767,11.218213,-11.660232,-7.192664,53.758677,-18.862361,-17.98431,-11.654373,-22.160599,-18.07401,-30.316066,-5.584761,-22.31113,-11.63871,-23.776345,6.360251,-24.779171,-5.35758,-10.92971,-12.660906,-18.564819,-7.001562,-25.374476,-1.749267,-15.064475,-31.304634,-11.936299,4.070811,-1.578902,-1.279739,-5.333376,-24.032147,-43.742069,-6.636858,14.010543,-9.381918,4.396172,9.415925,24.189176,0.083626,-3.849754,-5.34377,2.148429,-9.387138,-12.566412,-8.775124,-13.426016,-10.909936,-10.101267,0.217028,-3.87903,10.419657,0.89441,-9.934731,0.326984,-2.507625,-1.028045,-65.716332,-40.25184,-3.48753,-17.346714,-17.436854,-6.539897,0.289074,2.986337,-5.01245,-1.98157,-20.040713,-12.538137,-19.426382,-35.152696,-21.957212,-27.291364,-13.190947,-7.609681,16.382017,-23.743676,-4.871306,-13.031692
-2.555383,-11.462717,1.016363,2.97909,-19.011818,-6.049508,-5.152135,-4.471868,-25.312716,-14.668856,-17.761522,-3.64567,-10.579533,-8.366943,-13.097602,3.477495,-8.60394,-6.669923,6.87162,-13.802612,14.706734,-5.536491,-9.010331,-9.261607,-10.319112,-0.571421,-3.025289,1.559527,-14.183863,1.710333,-7.613408,4.151604,-15.198921,-22.341249,0.434342,-0.663979,-12.426853,10.244197,5.444881,-5.409829,-3.208341,61.99044,-4.773639,-9.727307,-11.10191,-13.792811,-9.706322,-14.741006,-12.973351,-16.192385,-6.425479,-20.020004,8.051144,-14.247469,-10.120378,-12.341058,-1.844011,-9.372246,6.418129,-17.373798,6.573253,-14.413125,-26.334315,-10.603659,-12.314992,5.731486,7.748556,14.473243,-5.041056,-10.942509,1.996941,26.162806,4.848268,9.628099,8.827873,7.632653,12.267937,33.918396,-6.840833,22.682521,-2.854312,-5.957366,-4.312723,-9.293162,-0.475922,6.989644,-0.125219,4.713426,13.851074,3.201253,-8.303898,-2.211469,-0.971977,4.476864,-9.910503,-33.458874,-13.379643,-8.081008,-19.02314,-3.366427,0.180683,5.265125,1.047523,4.197898,2.913866,5.470101,-40.198023,-54.080157,2.902217,-10.032259,-8.030731,-10.392533,5.288202,-10.775387,-42.704288,20.22495
9.540893,2.6457,8.177507,13.30904,-12.929112,0.379852,-5.702392,6.223413,-6.783957,6.95263,-4.577925,3.483096,-10.333043,-3.441194,9.136632,11.682146,-4.555307,1.492384,18.204204,2.469071,25.130026,4.802517,7.690581,12.199543,6.976009,21.409536,1.407385,17.835701,-6.783856,4.597295,4.240531,3.669962,-7.169306,-14.169003,9.370638,9.548351,-7.473662,19.126127,7.915305,6.591868,10.038021,65.167373,4.801167,-7.063761,-8.851831,-9.462253,-2.570548,-0.898864,-14.515685,-8.402763,3.091213,-12.868159,6.429226,-3.206229,0.078876,-5.613949,10.977852,3.782095,14.969875,-13.020162,13.976095,-4.348688,-12.759878,-5.28259,-16.943432,16.316608,12.004868,31.310878,16.148915,19.482911,10.87092,21.43101,8.549511,12.585583,-8.090152,-7.351206,13.190315,39.280866,7.712597,29.833482,-1.0765,-0.526085,5.077042,1.40343,12.954771,19.418514,1.102185,12.133202,16.62787,7.78541,-5.167757,-5.035612,2.301936,8.564523,36.835282,-14.080181,-2.1526,6.229348,-10.635712,2.092832,-1.180905,2.770116,4.851271,6.904216,26.658746,15.467827,-37.916179,-31.407742,16.18496,7.280965,5.430391,0.162963,-8.804453,2.948156,-69.019564,5.859717
19.444814,11.694422,16.316837,15.785591,-0.447145,4.383277,-0.820227,15.416253,13.712066,23.515547,14.489146,4.038932,5.495194,-2.662221,25.882347,15.43022,9.799299,4.834232,12.622183,14.930088,26.195937,16.844332,20.558939,30.762032,25.001599,46.310981,6.920988,27.232254,-1.099612,1.948049,18.782065,5.690215,6.718896,5.850111,10.561709,13.711658,7.549343,26.240846,15.721011,12.267241,13.94648,57.974942,16.245691,3.390699,-2.29784,-6.172457,11.258082,16.176022,-4.129445,1.944045,15.394899,1.714431,9.385226,10.429156,15.724328,7.291479,17.365814,18.273085,20.268348,-7.628275,18.237861,6.843433,1.259828,1.625016,-3.348338,14.812045,9.762363,36.616228,28.420025,46.849396,14.500497,7.400088,5.994781,12.29302,-26.421206,-6.928989,10.994717,18.525173,25.42506,29.52569,2.553705,8.10508,12.432227,13.274176,24.505825,20.324551,3.297286,12.81773,19.312269,10.840288,-0.14838,-1.143926,5.067274,12.084118,36.384473,-5.762086,24.121626,20.555602,7.482448,10.306681,-5.149689,0.336081,6.457209,10.539087,39.139312,24.696845,-16.164822,9.108807,13.906605,16.908446,27.026065,25.641148,-7.537525,15.31766,-48.617951,-27.389851
22.229881,11.751035,22.621364,13.275419,7.742804,2.283981,6.076525,15.243648,15.631215,20.233689,22.932245,-5.162619,21.622798,-7.360185,23.712075,12.444357,21.294675,2.578039,-2.349168,18.854207,16.160542,17.243235,16.914651,31.335314,24.134744,48.909422,11.017807,22.4122,-1.377549,-2.45819,16.964412,3.810952,11.930103,17.473815,7.406151,11.767497,19.366792,22.973349,16.810456,6.52476,1.165786,35.016317,30.81264,22.899221,4.089979,-0.988936,27.221689,33.803431,7.863942,11.173355,21.952116,16.281133,12.743747,19.471136,20.666893,15.624282,13.018689,25.025486,21.206148,-3.922608,15.054486,3.784082,4.400894,2.746371,12.395113,-0.647411,1.355431,25.382142,26.497693,63.489248,10.190547,-4.312593,4.857239,7.144864,-30.387585,2.638346,10.975834,-0.811857,23.945631,30.898339,6.543687,17.034595,10.229184,16.709631,25.698013,11.594789,4.327031,6.176595,18.393788,7.429815,3.766125,6.148518,4.831052,13.550649,-1.271238,-17.181445,41.246414,27.568707,21.10899,14.587509,-9.237959,0.343644,6.026129,15.417729,31.759108,36.725784,0.34661,23.815342,5.90226,16.755583,43.361672,47.570292,6.951965,22.142524,0.194109,-33.454222
16.549167,6.295814,23.001852,9.944363,5.866524,-2.579947,8.574085,6.150952,-0.292983,2.571881,14.154531,-15.972979,23.187329,-10.782743,7.305112,6.187191,17.329072,-0.359013,-12.190965,14.899279,2.271826,6.129733,0.886495,14.019164,5.302059,24.976118,10.712673,8.581015,-5.116544,-3.032202,1.688047,-3.400369,3.896403,11.765419,5.769726,10.287843,15.678028,8.216889,5.764594,-3.462907,-14.466302,1.655997,41.10943,39.116505,5.201711,6.548106,33.127211,41.649716,9.300641,15.545672,17.080354,20.239763,6.141343,17.814078,10.064925,13.069962,4.119432,19.27871,15.973005,-7.909895,3.499349,-14.789346,-3.486634,-4.434909,10.950505,-15.352833,-8.900332,3.227792,17.778064,59.025695,0.38267,-9.928042,9.174737,-1.664299,-15.930935,4.15323,11.737138,-0.694985,-0.278766,34.660928,7.60073,20.482746,-0.565301,9.04101,13.936138,0.943619,2.946304,-2.418103,11.19673,-1.793433,3.202204,7.451694,0.890315,10.251507,-28.740171,-33.335708,33.919936,23.466509,17.721758,8.98353,-9.733493,1.028439,3.599836,15.644749,8.394078,39.789989,-5.356084,-2.099701,4.832269,12.852816,42.095431,46.844542,16.855083,19.888633,27.609241,-1.132404
7.595857,2.802055,14.206857,5.880543,-1.913545,-3.694967,4.084388,-5.110445,-15.353855,-11.581533,-1.400366,-16.540076,11.284135,-6.408435,-7.163437,1.288686,4.003368,3.731353,-7.713499,11.511913,-4.34365,-2.973554,-11.946618,-6.483833,-12.247784,-3.61671,5.010642,-2.090703,-2.997614,2.692433,-6.465725,-9.034912,-5.907549,2.20017,7.941637,16.723555,-0.581264,-7.161008,-8.106941,-6.990943,-14.341592,-24.830555,39.606311,41.707854,2.765563,14.979564,24.949162,33.704991,2.563715,16.15586,5.82257,13.426614,-10.178785,10.388305,-4.553223,5.739327,2.01363,8.341559,7.180341,-17.35664,-9.841553,-29.628319,-8.288618,-11.353451,-8.240504,-14.25277,-13.907994,-15.846794,16.277812,38.161556,-8.664595,-12.074676,16.560056,-8.542003,7.105528,-7.60974,10.776971,11.364426,-24.02359,32.756187,9.784773,18.225737,-10.253216,-1.155683,-2.656324,-4.938242,0.443458,-6.608392,0.436428,-9.490028,-0.867661,0.304657,-4.630525,2.78156,-13.952814,-33.376468,12.053726,12.404906,1.935631,-2.403312,-5.969487,0.325358,0.660231,7.334926,-14.194286,19.215177,-22.40258,-37.827834,14.777857,13.559007,24.775415,24.905074,12.285698,12.506229,13.007278,39.209489
2.762199,5.557395,-2.726047,-0.346926,-6.832608,1.278315,-3.642937,-11.494052,-15.419033,-11.356544,-7.520771,-3.783713,-1.009049,4.003062,-10.920815,-2.121357,0.517733,16.006369,7.311172,17.726214,0.944666,1.365325,-12.355324,-15.137838,-12.324255,-11.27772,-2.942687,-2.997537,10.083041,11.315107,4.12503,-5.237266,-3.691061,6.854049,10.80219,28.560132,-12.913837,-9.739596,-11.045701,-1.432601,3.852132,-27.906324,27.998778,33.973476,3.571564,22.915821,12.422898,17.200855,0.434726,17.108319,-0.759688,6.382542,-22.301265,8.07207,-8.501112,4.394813,10.742559,4.132821,0.447554,-21.346381,-15.514417,-21.062654,3.525279,-6.177532,-27.772254,2.025137,-10.412982,-20.046365,26.60208,22.167047,-11.470718,-10.677592,20.795822,-7.723589,24.536598,-17.800862,9.537051,16.023246,-22.59494,19.256246,20.518337,16.242124,-9.789187,-2.621602,-11.937965,-4.056722,-0.664659,-4.79321,-7.690572,-8.704709,-3.203093,-6.611934,-7.987994,-3.790346,25.873765,-12.169041,-1.579152,3.719479,-8.548222,-7.82349,-1.079598,-0.682598,-0.324193,-4.496317,-20.271543,-20.552552,-25.656061,-42.900125,28.877287,19.765764,4.060948,1.628499,2.883213,11.394488,-10.596745,54.980435
4.717924,11.782237,-20.624639,-6.056617,-4.633407,8.170687,-8.87421,-9.762546,-5.56397,-1.799146,1.014689,13.126908,-5.197294,12.630803,-10.375038,-7.478809,15.600327,27.215582,20.562291,32.154626,12.370811,16.451281,-4.743328,-9.085033,2.901879,7.264015,-7.303593,2.057832,26.560012,16.631871,21.336713,7.225713,9.541494,24.246422,9.80483,32.132079,-8.394766,2.95946,-1.175289,6.49248,25.369273,-6.684954,16.180652,27.209617,11.051993,31.082791,7.728446,6.915301,7.423662,19.85107,2.65548,7.065392,-19.53885,14.418955,0.087378,10.943055,22.101647,8.546152,-2.523424,-13.677061,-10.904766,6.613098,28.053404,11.286959,-32.58354,19.309281,-3.910808,-8.190832,36.243143,24.15841,-7.841186,-1.493039,17.429855,0.482834,30.049415,-9.561057,11.280192,6.711653,1.334417,-0.436046,37.702994,18.729485,0.552728,6.653158,-8.753219,2.319818,0.504944,-0.679689,-9.676386,-0.536985,0.038389,-4.046402,-6.563477,-4.797557,47.431388,17.313935,3.391288,3.378943,-2.206311,-0.752341,1.539572,0.690342,1.194144,-10.777704,-10.805269,-55.097884,-6.551302,-12.826624,35.888916,22.548361,-8.981969,-6.599678,3.48767,23.915091,1.52661,44.712349
10.352336,15.046347,-29.31703,-5.103822,1.294749,11.367718,-9.48864,-1.179331,-1.037775,5.3315,14.85206,22.28288,-5.390848,15.086414,-15.060252,-15.155882,35.606043,27.048249,23.659047,42.320251,21.052973,30.287345,3.184873,3.261605,18.119743,35.277971,-4.332806,6.406748,33.192321,16.332335,24.245076,18.578477,18.716504,34.069061,4.50892,17.008371,8.448226,20.005384,9.37216,9.488829,35.672388,22.458753,12.930181,27.909209,21.300332,42.758094,12.903026,11.616471,12.752498,22.190152,11.299746,12.07762,-8.966841,22.775703,9.516482,16.868495,25.004458,10.918616,-5.386667,-1.809412,-3.141432,27.147356,45.750225,25.792387,-24.088571,25.668052,-3.525811,11.747018,28.631037,29.760218,-2.927247,15.061009,8.281387,9.481458,28.85528,13.303203,16.392733,-3.145918,21.505494,-12.822646,47.482225,22.630885,12.53948,18.049678,2.180583,12.343439,2.195426,1.406595,-7.526175,6.734724,6.80038,6.12667,-0.824273,-1.142539,32.02555,38.05104,15.974677,8.205176,14.573303,12.128614,1.689979,4.762371,2.794693,-8.988717,-1.3122,-63.594894,16.74064,19.792181,29.214909,13.484709,-11.490394,-1.761463,13.792958,42.387612,49.057717,29.319386
16.34074,12.336299,-23.008552,4.609414,4.903732,9.910197,-7.443036,9.460508,-7.714865,5.325067,22.293183,20.891047,-9.303165,14.960779,-22.522758,-19.196963,40.113925,17.034836,20.119735,38.22096,24.579556,35.4472,11.67936,12.599998,20.993164,51.735448,4.099844,9.682956,26.654219,14.976878,8.046156,19.321855,12.755869,22.670965,-0.253891,-8.836929,20.725414,28.257997,9.307024,7.021281,32.847303,40.196176,19.157932,34.521536,27.8367,60.333651,21.585084,28.117367,5.553027,23.250425,17.874417,13.838314,-6.482029,27.694653,8.806716,15.532609,18.408658,2.408461,-9.352991,2.6083,-0.526456,21.108767,41.446112,21.183986,-13.204777,21.498091,-10.668015,30.352483,4.421911,14.909844,-1.941196,28.571176,0.833379,13.740337,29.867893,28.057588,22.251252,3.557172,20.060362,-8.958252,39.36675,22.344425,18.984077,22.824403,13.472197,23.781195,2.11917,0.907763,-5.039441,6.568583,11.57534,13.377352,6.15257,2.017137,3.461404,40.820085,19.185206,9.481953,26.401348,18.217414,1.739307,8.767508,2.348935,-5.159161,-1.618524,-46.927677,22.01413,27.153782,12.037346,-2.7034,-4.604688,4.061966,18.848554,49.133207,84.104679,21.224888
23.228571,7.203061,-5.906722,16.270694,4.025903,7.489203,-4.781206,15.763317,-16.080462,2.774805,21.745305,16.490287,-15.665386,17.733093,-20.496131,-12.987431,26.335678,10.120708,20.291099,25.458974,27.327217,34.484151,24.862689,15.897857,11.39485,47.369093,12.281103,16.492062,18.122363,18.79322,-11.55842,8.850669,-1.866429,1.46734,0.867931,-23.235353,17.526122,24.694769,1.743818,3.798996,23.157446,40.708385,29.316683,44.162355,27.897745,79.136869,29.902345,47.33885,-7.896129,26.10364,21.185793,12.828893,-14.516321,33.769974,-0.17252,11.718401,12.101509,-10.402195,-7.357107,0.334105,-2.349276,-1.311557,20.392804,-1.239996,-4.883932,14.251879,-15.430572,41.761894,-15.010068,-16.677364,-4.378494,27.260757,1.969959,15.220564,34.980175,19.082777,26.734022,27.476748,7.52735,6.496737,20.734694,18.14614,19.80347,21.575668,22.073232,32.63518,0.182076,0.560719,-2.730092,1.093433,11.881371,11.918294,10.934306,1.619363,-4.445524,25.613187,9.481824,2.797904,26.432098,13.353136,3.062383,10.298422,1.505094,-4.614853,-2.058523,-18.952929,9.794749,17.063301,-4.320683,-9.425779,11.03038,6.393346,9.324217,35.186254,65.557511,13.853811
32.270917,5.868533,9.995912,19.246447,1.598331,7.030742,-1.158705,13.271965,-14.219063,2.622191,20.159289,17.114267,-14.751411,22.425336,-3.796214,2.165889,12.265665,15.48542,28.757325,20.930326,32.054497,32.357353,38.219376,14.436683,-1.800076,26.3897,15.935432,26.890367,20.109968,27.440842,-17.612969,-5.150516,-8.394261,-5.154063,7.75406,-12.568886,4.944276,17.074416,-0.064502,3.700695,11.488952,34.282339,36.739761,56.045781,22.634346,85.768444,39.603644,62.292461,-9.289175,32.658349,24.706753,16.987298,-16.230037,47.796447,-6.064436,15.241181,14.435905,-10.983461,8.838856,5.366695,0.146661,-10.758678,2.477728,-21.411473,4.763116,7.696966,-7.162896,43.251039,-9.346926,-27.157822,-4.233501,11.771744,11.364888,20.338455,37.252836,-2.700002,29.222606,50.562878,6.459044,19.101074,10.58936,16.479132,19.150222,21.519741,27.82372,33.840448,-1.417282,2.398759,1.943132,-1.726202,10.65451,7.558425,11.667818,0.00169,12.762473,0.255921,-1.784788,-6.17759,21.467252,6.16554,4.208591,10.054413,3.897485,-4.554034,13.716865,12.606504,0.731459,15.303528,-7.851173,4.736892,31.97739,11.67224,-5.306182,11.604193,5.644856,0.09667
39.908138,10.929107,14.293839,9.447447,1.624415,7.098048,4.199051,3.184404,-2.159552,3.402317,21.487529,22.362309,-0.770647,22.534261,16.350659,16.449639,14.772136,26.947769,38.52762,33.91433,34.663562,28.457717,37.932645,8.763314,-8.964361,-0.64151,15.311702,32.457339,31.692094,32.90559,-9.491672,-14.27334,1.052216,12.01804,13.945175,11.697466,-1.828955,13.976641,10.676885,7.079529,1.494722,34.258979,37.007658,66.53998,13.427361,67.45743,49.746664,68.979155,8.889581,37.568959,28.471141,28.552708,3.851866,64.058717,-1.516535,26.714139,22.310841,7.78143,35.436115,26.756089,12.349549,8.809906,1.961333,-19.215184,17.149806,-0.156871,12.224519,34.410432,17.163323,13.908831,3.114685,-3.720655,21.67374,30.415347,30.330234,-11.570799,28.197993,53.005,21.369328,17.844671,18.102351,21.218826,18.667061,25.900693,28.094083,25.113518,-0.77612,5.251727,9.564331,2.862459,11.704712,9.260051,8.419254,0.995556,31.185383,-19.101266,-3.456574,-6.659061,20.598883,7.402902,3.023211,10.165861,9.538166,0.918506,42.876986,46.634043,7.773048,26.073724,5.316602,31.27432,47.871383,23.651511,-7.9178,-1.654411,-43.781791,-11.371527
38.888274,19.373634,6.541632,-6.39074,5.146265,4.542935,9.742019,-7.644937,9.470836,0.694356,21.00972,25.100219,19.984223,15.376545,23.609311,20.880122,29.561575,30.33495,38.942905,54.116447,29.585645,19.377037,16.649643,-1.481818,-5.726953,-22.727144,13.178975,24.917256,40.731194,28.237843,0.845327,-15.375711,17.092971,36.796834,12.313609,23.266826,4.665757,16.256468,25.595709,12.394738,1.013528,42.301412,28.999284,66.482953,1.441237,26.858022,51.538481,63.775903,31.847982,31.575206,26.909598,37.196671,37.724282,64.806995,9.336445,34.550182,25.564937,33.597791,55.379549,54.013606,28.346743,42.373919,15.468086,5.852099,23.939354,-10.417908,28.710567,19.005294,38.575928,86.60547,14.542926,-6.270433,26.137909,37.610182,18.286249,2.899243,21.143077,31.719264,34.13807,5.245053,31.978249,27.586945,15.773849,29.497378,18.666775,10.395574,1.552742,6.379368,15.919977,11.510649,14.348903,16.683696,2.438948,4.101288,32.787448,-14.025658,3.462377,5.892887,23.519194,17.220031,-0.137757,10.625361,13.063963,10.422857,59.328599,73.004956,19.370744,25.388885,26.982928,47.65937,47.318892,33.559834,5.082509,2.035521,-45.597272,-6.455942
26.299322,26.065335,-4.411878,-17.058667,9.905347,-0.439294,12.561712,-12.00885,12.536624,-5.667007,12.482026,20.343973,34.858954,7.146329,15.018864,16.19941,36.897629,21.160455,28.22104,61.493879,18.652279,6.970896,-13.868845,-13.697506,4.373881,-31.985791,10.937823,7.364273,39.608741,16.44842,4.955266,-10.624967,24.322807,46.637125,1.989315,8.480626,17.32648,18.313616,30.315843,17.373034,17.730794,47.047884,15.81286,49.564241,-9.271212,-14.234122,37.241838,45.49841,38.095524,12.681302,16.479163,30.946209,59.175502,39.623323,16.720608,28.06746,19.547811,46.600918,54.139322,65.981391,36.438612,60.079387,29.128108,34.315164,15.83796,-19.512029,30.799815,5.229579,34.472661,131.975191,21.101183,2.141673,25.305251,32.586808,13.347732,23.313159,9.082388,3.060671,29.062281,-5.241843,34.172161,27.370136,8.587833,25.907313,1.232177,-1.591063,3.301216,4.841998,15.581353,16.910532,14.286863,20.097566,-4.473366,4.570959,25.254106,18.861367,9.302931,23.393004,22.748242,25.219341,-2.282972,9.032013,9.515728,15.034702,42.679035,72.13186,15.571617,-2.137654,41.701464,39.68184,30.145802,29.007386,19.266828,8.710311,-9.817696,12.393813
8.607899,27.865071,-9.500103,-16.694213,12.627798,-3.785036,11.912212,-8.59682,8.895698,-11.026015,-2.112485,10.273934,36.512281,5.922854,3.623634,10.941578,25.008286,9.844994,15.69172,47.219634,10.894096,-1.638307,-31.855426,-21.738121,10.917388,-28.107571,7.787467,-6.87053,33.397376,8.175472,4.488686,-4.356614,17.785279,36.887688,-10.187679,-19.188535,23.638071,15.56394,19.967543,18.264801,45.646641,36.96414,4.317586,22.741369,-12.121703,-31.341246,12.791846,20.678768,23.583185,-8.653051,2.469735,12.06189,51.58069,0.963662,15.736631,10.488635,9.777032,39.227671,35.178456,53.753164,31.651172,48.074891,33.289821,45.186725,-3.480824,-23.723157,21.131442,-0.028359,10.454515,110.579016,17.134261,8.362142,24.73408,15.666687,22.303944,25.086775,-0.807527,-11.616189,12.637552,-2.269213,21.029735,19.153855,0.378677,16.804065,-13.605046,-3.752568,3.075426,2.540252,7.859117,15.320413,9.492835,12.809877,-10.193593,-0.515237,23.838866,55.509839,7.255977,30.79299,14.771853,22.272768,-0.980399,4.229579,1.204232,9.946086,7.529445,40.455414,-3.8087,-32.837291,37.772322,16.011269,9.970335,10.409662,19.319161,0.93736,25.944972,24.745534
-3.61878,24.222845,-7.652335,-8.183063,11.107391,-2.520733,10.162825,-2.680215,4.75323,-12.110091,-13.492998,0.655519,27.083214,10.94462,2.112765,11.098088,2.676728,7.409485,10.820519,21.802358,12.096767,-3.514927,-28.069657,-21.215245,3.579858,-20.463915,3.306903,-8.224705,30.125578,9.595456,3.163666,-0.627272,5.88316,21.959202,-15.099425,-33.45088,18.695164,8.771414,3.180259,11.191207,62.130446,13.482045,0.605115,2.625716,-4.464054,-20.380422,-4.658744,2.133609,4.691321,-18.66727,-5.473197,-3.409124,24.824757,-25.416733,9.236799,-4.624653,3.681624,21.400808,16.016681,29.955853,20.422905,20.138744,27.75746,33.832046,-17.594502,-24.25482,11.470473,1.746907,-10.945088,42.625088,6.720763,4.411152,26.358041,-2.044895,36.659674,5.955227,-1.053039,-4.03521,2.078541,12.013811,5.754584,10.239843,-2.807291,10.59057,-15.014499,3.312654,1.700301,1.970655,-2.12003,8.952139,3.27109,0.134074,-12.685001,-7.960586,24.696639,59.310733,-1.380994,19.23876,4.573337,9.838526,3.004549,-1.198268,-3.562358,2.393453,-6.986849,8.15035,-16.115323,-25.60539,16.183009,-1.578517,0.766518,-7.411778,5.889933,-20.562484,37.135403,15.742862
-5.911567,15.43741,-4.780369,1.517894,5.151563,1.124276,9.53999,-0.27417,1.983008,-10.782769,-15.55367,-5.25189,12.874251,12.49466,8.223597,13.754383,-12.353475,10.528351,12.148114,1.796292,16.694061,-5.348914,-14.841844,-14.27803,-17.331742,-21.048907,-0.827364,-1.768934,27.543582,14.589898,-0.594058,-1.624902,-1.295814,15.013849,-8.636121,-21.697838,7.749788,1.5125,-8.367909,-3.016437,46.881849,-9.664269,3.908758,-1.447709,7.531041,-2.127691,-4.695596,-2.05748,-2.805161,-14.221525,-4.39741,-3.563263,1.543728,-26.265586,1.988309,-8.894361,1.303043,7.064477,8.808213,13.320512,12.429526,0.219353,15.776839,12.514611,-13.358366,-24.304616,8.17523,1.825693,-16.157744,-15.973967,-0.416027,-3.688952,24.749304,-9.713148,39.272252,-11.130047,6.691188,14.62614,0.34938,23.245534,0.253056,7.395097,1.094761,11.526515,-3.836645,11.490015,0.961175,3.510055,-8.53607,1.898571,0.349438,-6.459803,-10.937508,-11.508453,9.551282,17.419469,-11.426535,-5.386719,-1.348832,-2.904936,6.65105,-3.43372,0.351111,3.576054,18.146902,14.038764,-3.54779,25.49626,-9.920046,-1.350628,2.047243,-11.788462,-7.621428,-36.682734,27.523577,-4.973858
-3.249349,2.300167,-5.299572,7.515035,-3.049502,1.950344,9.051736,-2.170308,-1.549214,-10.23873,-11.763684,-7.834592,-1.241257,3.719198,9.897271,11.814478,-12.941052,6.291938,9.625999,-8.165531,12.739605,-15.320309,-9.983792,-7.113102,-37.275859,-31.493294,-2.787113,-1.417499,15.794271,11.187512,-8.985934,-5.920993,-2.620926,12.84401,5.320309,4.88233,-2.040706,-4.574777,-11.374114,-16.498141,4.81962,-20.436266,6.315269,2.14455,13.728915,-0.579537,4.159128,2.188207,-1.606145,-4.880825,-1.32375,5.790061,-8.860874,-12.850225,-4.575104,-7.07241,-2.82537,-0.056781,8.403102,7.913591,9.841438,-2.187905,-1.191906,-3.883647,5.870097,-22.441756,6.47114,-5.682972,-11.857251,-32.17547,0.403582,-4.844003,13.906901,-7.546017,22.038365,-5.587506,11.030768,23.809423,-6.227136,18.171137,0.543445,8.098774,7.187861,13.158901,7.296799,12.026803,1.508399,5.207501,-10.10766,-4.254329,1.019711,-2.529616,-5.838877,-8.528157,-23.805297,-39.664003,-19.27051,-26.740854,-2.794131,-8.828355,7.751507,-2.121496,8.432603,13.62576,54.572314,57.648218,22.634354,74.08851,-25.228986,7.837601,0.971181,-6.361205,-11.907611,-31.630248,11.631969,-13.819805
-3.234268,-12.37712,-6.406759,8.731497,-9.465425,-2.095623,5.945484,-4.353463,-5.10915,-9.578131,-9.610956,-8.088612,-11.79436,-10.196427,2.521951,3.242149,-6.866713,-9.202315,-2.467279,-16.960492,-4.886513,-30.496536,-15.174774,-2.853686,-38.583678,-38.98531,-3.536931,-13.505855,-6.819002,-4.585443,-16.820163,-8.391926,-3.793926,3.08226,17.876673,25.146641,-9.008883,-10.815069,-11.157804,-20.288153,-35.509745,-20.941103,0.66351,-2.800705,10.436526,-17.859849,4.181055,-0.107247,-5.668548,-0.853743,-4.009792,9.00148,-16.130066,-5.29493,-10.774256,-8.333984,-10.285262,-5.494523,1.376021,2.074141,6.440572,2.193449,-20.636733,-10.66212,24.907971,-13.539297,-0.513964,-16.441434,-10.865367,-21.906281,3.688194,2.397602,-3.646044,-4.9599,-4.473422,15.456458,2.464401,11.230216,-24.110771,-2.42552,-5.707268,3.59568,8.257088,5.240352,7.404192,3.091806,2.386172,4.998451,-9.704533,-10.099084,0.901849,4.938065,-0.044525,-2.313962,-49.192368,-63.697279,-23.469508,-31.48791,-4.242354,-7.921562,6.360853,-1.122274,10.965931,19.609747,53.920301,89.196536,32.939674,68.186807,-23.858672,9.098443,-10.91804,-5.109861,-10.299689,-10.912414,-5.297232,-1.16855
-8.045031,-23.558583,-2.250025,6.075439,-10.643583,-7.37972,-0.246915,-3.698814,-3.672938,-5.04203,-11.065538,-6.545423,-15.453928,-17.689656,-4.698713,-6.681005,-4.183734,-23.677762,-17.969039,-32.178829,-27.927209,-36.948987,-15.923917,0.805693,-18.067552,-29.494404,-6.245974,-28.847509,-27.164169,-23.642471,-14.810844,-4.245769,-7.693272,-17.94202,20.915296,27.020384,-15.354647,-18.419729,-13.251587,-13.741698,-49.458229,-24.442707,-11.408609,-21.565153,3.595302,-34.301314,-10.866459,-17.359405,-18.958527,-2.207325,-11.000274,-0.122871,-30.103242,-9.311911,-14.610947,-13.51938,-15.657338,-12.67697,-16.35971,-13.311326,-3.531471,-2.143194,-34.820425,-12.99602,32.290576,1.930971,-11.191866,-21.209141,-14.093933,-20.089151,0.680894,7.920213,-17.743181,-8.785324,-20.821313,24.485503,-15.186164,-16.886227,-37.147855,-23.920098,-20.450155,-9.802506,1.987423,-13.387882,-1.326521,-9.025905,2.398283,2.75938,-9.830454,-15.244022,-3.368928,6.311572,3.38797,2.169627,-39.827925,-37.632168,-23.270262,-19.743733,-7.627194,-4.184259,3.462669,-3.900533,3.670973,10.922995,3.033451,61.188006,14.004588,10.168623,-13.148787,-3.087426,-27.316462,-14.307967,-10.613912,5.272636,-26.166051,17.007964
-14.423346,-26.926527,6.731319,1.021249,-6.914982,-8.767558,-6.786323,-1.73199,4.594258,3.330666,-11.761817,-5.549504,-11.831955,-14.819255,-1.524292,-12.059256,-6.106469,-23.747535,-26.047772,-48.56813,-42.108058,-24.822542,-3.263792,5.843891,7.915498,-5.541204,-12.202178,-32.792447,-31.079349,-33.518216,-2.053591,5.335152,-10.424278,-39.475702,11.625879,12.198963,-20.763206,-25.633303,-17.564557,-5.84756,-38.823315,-39.33784,-21.198335,-43.784614,0.324302,-33.657252,-29.331815,-42.165853,-28.749789,-2.552032,-14.045247,-11.946011,-43.918732,-13.921212,-12.640129,-15.289474,-14.200546,-17.7246,-34.966246,-31.089984,-17.948203,-18.12933,-34.63804,-16.132249,27.927901,13.340285,-17.465593,-18.012443,-12.26826,-37.647538,-9.217023,2.885318,-21.44651,-15.711203,-17.873002,5.536773,-27.786479,-41.658226,-24.661715,-31.411239,-30.792579,-25.112485,-7.136344,-31.531141,-8.01717,-16.206444,1.389506,0.184133,-10.093445,-17.417711,-9.801253,-0.334438,2.812725,3.270703,-3.381068,6.324126,-19.326369,-3.263308,-10.48114,-0.793041,-0.597426,-9.052634,-7.748974,-6.593804,-57.095744,-13.087926,-14.941208,-42.376268,-6.618811,-18.945118,-35.834503,-25.391481,-13.930647,4.623974,-48.652331,17.294034
-19.650858,-22.249001,11.184958,-4.309371,-2.958913,-5.472346,-11.309274,-2.10362,12.629776,9.039724,-9.157531,-9.378937,-6.602888,-9.88716,8.501412,-12.767621,-8.209261,-12.882463,-24.212829,-53.848742,-40.115875,-1.016323,10.796089,7.928186,18.733259,13.345686,-18.326468,-21.745765,-21.170634,-31.170546,9.66161,12.594407,-7.148345,-47.979008,-6.19451,-11.885741,-20.757083,-28.45618,-20.391049,-5.141605,-23.665191,-57.483008,-23.183364,-57.389723,-0.237568,-23.033485,-36.949871,-58.867437,-22.043785,-0.868301,-9.756727,-14.744535,-41.94962,-10.788775,-5.237514,-10.058869,-9.322858,-16.064371,-42.759449,-35.325742,-28.82513,-33.981661,-18.977065,-18.379572,16.829427,9.527199,-15.519491,-15.400119,-2.636726,-56.269608,-16.087141,-8.948838,-18.494178,-17.374889,-4.76221,-26.152268,-25.948881,-47.977642,8.443904,-23.392,-25.143617,-31.654969,-12.928032,-36.671114,-7.900727,-16.106911,0.017333,-1.073878,-9.277954,-15.011652,-13.45453,-9.145938,-0.973324,2.581962,22.399339,22.785728,-14.672232,6.063978,-11.322008,0.682392,-5.520158,-11.665553,-14.10873,-16.349978,-73.860347,-67.401519,-23.947999,-40.021637,-12.002637,-26.816207,-33.529858,-26.832255,-15.215941,-5.489465,-61.355139,-4.93253
-24.198792,-13.298595,2.065524,-7.61103,-3.889587,-1.6038,-14.682666,-5.451864,10.467147,5.315325,-7.408423,-18.999209,-7.463906,-12.391411,11.276194,-12.549057,-9.921694,-7.669846,-20.79067,-43.746194,-26.897422,16.26019,5.400679,-0.24139,9.700037,10.889367,-19.946946,-7.183767,-14.777207,-24.04634,7.936046,10.19864,0.907519,-40.47977,-24.179006,-38.064848,-12.068458,-24.147226,-19.363907,-9.749306,-15.853019,-61.058088,-21.495308,-61.92842,-4.466027,-23.172221,-33.859845,-59.142165,-3.240383,-4.355287,-4.986535,-9.756459,-21.16902,-7.737637,1.585985,-4.621762,-8.78615,-9.897862,-38.134656,-19.794172,-30.213642,-35.311585,2.038865,-13.999179,1.308333,-6.91161,-10.099866,-21.628044,4.281047,-58.253566,-9.996657,-15.19107,-17.513782,-10.983865,2.229832,-39.463681,-14.773178,-36.3319,31.106056,-11.900967,-8.990236,-26.264932,-13.603343,-28.038842,-8.36144,-13.626763,-1.307014,-0.973582,-8.214034,-9.32454,-12.353199,-14.56662,-5.274221,1.256669,11.833037,3.435955,-12.018387,5.792088,-12.971532,-1.072413,-9.512461,-9.120483,-12.186509,-10.449555,-39.766537,-54.639806,-6.580715,3.481227,-24.596806,-25.533285,-28.69157,-18.595318,-12.234456,-9.515048,-53.74633,-30.734222
-27.910359,-4.495329,-17.333175,-8.038005,-10.00208,-1.060413,-18.518667,-8.295504,-2.65565,-6.515401,-11.278533,-27.470783,-14.889831,-20.116846,0.109291,-12.287018,-15.346127,-16.049132,-23.67367,-27.347961,-13.755759,15.167804,-22.390312,-18.381518,-5.022765,-7.485151,-15.936797,-2.957111,-22.89487,-19.457296,-5.541056,-0.738271,7.205361,-25.117341,-33.956726,-57.950229,1.987828,-14.192064,-15.078787,-10.474275,-8.911309,-42.342507,-24.334718,-64.360689,-13.554098,-41.340415,-32.01099,-48.425092,9.997288,-17.836113,-8.470332,-7.947505,2.970048,-17.598412,1.736653,-7.850295,-14.294409,-5.743401,-27.644121,4.771806,-22.913939,-18.090519,14.930185,-1.647762,-16.721447,-19.316726,-6.829068,-33.21177,-1.970445,-47.50231,6.902313,-8.858037,-20.282625,-2.367868,-3.486511,-20.488173,-6.98832,-19.498421,20.326149,-9.418135,0.439709,-15.905718,-12.420176,-16.878697,-17.963899,-15.035906,-2.757821,-0.928715,-8.920233,-3.474557,-9.467118,-16.375926,-7.346364,-1.49296,-19.543361,-17.411633,-9.824807,1.786709,-17.844526,-6.229489,-9.842537,-4.368234,-6.366949,1.112441,2.276512,0.136915,14.181801,29.668417,-31.872953,-21.699802,-27.569523,-10.626401,-8.287499,-2.904477,-26.216879,-37.944244
-26.818614,1.793254,-30.826037,-6.713594,-15.798914,-3.147364,-20.445982,-7.056705,-15.228522,-16.650677,-17.140522,-24.386322,-19.416152,-21.0618,-14.426718,-8.10785,-24.874011,-26.17222,-29.52884,-16.89924,-9.073362,-0.055601,-48.962226,-33.853655,-9.484546,-20.618608,-9.992704,-10.682913,-36.130374,-16.375255,-16.306395,-10.75855,6.870811,-11.723242,-32.0773,-61.802309,13.083878,-4.092299,-9.463927,-3.755993,4.741863,-15.069477,-33.080679,-65.399068,-19.887015,-60.992333,-37.633042,-37.826187,7.161992,-34.393409,-19.365945,-13.903424,13.95605,-37.551819,-4.174081,-18.394215,-18.826169,-6.198975,-16.430222,21.418432,-12.44334,8.231869,13.533786,11.543781,-29.148903,-13.872473,-4.20193,-38.077801,-16.828721,-37.909134,20.715532,4.112272,-19.65679,1.385067,-14.69329,13.014985,-8.330418,-8.828775,-11.063396,-16.52387,-5.726476,-9.684771,-12.972733,-13.820937,-32.392308,-21.047691,-4.413832,-2.225416,-11.102026,0.412161,-8.622821,-16.795593,-6.241545,-5.837066,-34.818234,-8.141435,-3.81509,-0.66265,-22.141617,-11.766807,-5.761291,-2.621768,-2.079816,3.086557,10.288711,30.546499,14.306161,5.676425,-25.416957,-18.648533,-25.475546,-8.763309,-5.382875,4.044581,9.715317,-23.357043
-17.137248,4.913799,-23.36884,-4.696525,-14.993153,-3.993095,-14.543109,-1.778609,-14.683763,-15.489226,-14.558055,-7.314702,-11.470019,-8.296732,-15.989409,2.925457,-31.14066,-21.777144,-27.418331,-15.1719,-14.003057,-16.71719,-46.457122,-31.021537,-2.569593,-15.882824,-6.311509,-19.188778,-36.003526,-9.473436,-13.354604,-10.888837,1.279793,-4.716747,-21.787173,-45.829271,14.996035,0.261934,-4.528218,2.365974,16.040123,-3.066646,-39.903312,-57.381565,-16.719836,-61.315993,-42.634878,-32.720943,-4.29864,-41.223933,-27.553219,-19.385005,11.99725,-48.232224,-9.363393,-25.159489,-15.895252,-7.874598,-5.626937,21.528644,-4.297509,28.030955,1.664999,15.252197,-24.752717,5.263491,2.846442,-29.808786,-25.38625,-32.000074,19.178211,11.5598,-10.415694,-0.290204,-21.46018,30.301068,-12.865523,-5.005216,-28.758234,-22.990173,-18.10572,-10.172932,-14.983093,-17.847459,-36.335865,-25.986008,-5.70627,-4.567484,-11.170252,2.251699,-9.798209,-15.860157,-3.151087,-9.034925,-19.413153,20.098665,6.116641,-2.55484,-18.92915,-12.989222,-0.27292,-5.316605,-0.238904,-6.475034,-10.841191,7.124973,-3.823203,-37.600967,-9.177981,-13.240019,-15.288946,-7.742459,0.113183,0.436434,37.720836,-4.626654
-2.096049,4.543252,3.643197,-0.903181,-6.647009,-1.547655,1.626093,4.980206,-0.736505,-2.19663,1.235118,12.667378,6.380811,10.713563,-1.782771,17.161291,-26.790799,-4.71683,-12.919585,-15.040278,-23.869621,-26.785561,-12.400783,-6.829093,4.278529,-2.676636,-4.842004,-17.227367,-18.034062,1.168662,-0.669065,-0.8442,-4.300161,-3.273448,-9.654918,-18.43297,8.817908,-2.717345,-2.135993,-1.671071,8.608737,-16.257387,-37.167947,-37.457375,-8.533934,-41.875496,-36.201066,-30.526422,-10.14731,-34.350352,-25.344794,-15.488321,9.627947,-36.40806,-8.415886,-20.548451,-8.40881,-7.731381,1.807893,8.236019,-1.300916,30.611493,-12.544616,5.789971,-2.240035,21.300302,12.893099,-14.480085,-20.986936,-21.150594,3.939051,7.22298,1.372339,-2.638357,-22.752633,17.921137,-12.617375,-2.023698,-16.508142,-19.964086,-20.963474,-12.994533,-15.164519,-18.904801,-20.838735,-23.600934,-5.870851,-6.162871,-5.865801,2.793794,-9.515181,-11.930621,0.058932,-7.495034,5.498158,28.807669,12.972384,-7.421326,-7.669127,-8.581208,2.163579,-8.453022,1.040055,-15.009506,-22.680912,-32.648612,-17.259768,-45.093296,4.096428,-3.759776,-1.287489,-0.437121,10.833551,-11.705099,44.06043,-2.524235
8.424411,1.095556,32.145791,6.656518,3.933913,2.098767,21.310733,11.858261,14.20496,15.177596,20.870141,20.031019,20.049565,21.986277,13.807624,26.465695,-14.346014,5.718572,4.555297,-9.883197,-31.38643,-29.616527,26.543861,24.140008,2.794388,1.313153,-1.92812,-4.547324,2.093326,8.319853,8.864927,11.7842,-6.265178,-4.055765,0.231821,5.800374,1.386557,-8.42785,-2.714728,-12.830714,-15.894012,-39.477003,-26.898259,-16.596531,-6.870194,-21.334214,-20.605117,-27.095056,-6.588467,-23.107046,-15.682096,-6.508553,12.633173,-12.830153,-2.785406,-9.446986,-4.841659,-7.668056,-0.790867,-10.228724,-3.470577,17.121034,-22.417733,-9.470146,23.356892,24.621728,16.771527,-1.120451,-12.502231,-3.0601,-11.436463,-4.669317,4.00844,-2.937224,-25.293634,-9.911184,-7.891847,2.419809,7.888047,-9.085695,-10.392186,-13.014661,-11.604131,-10.354288,4.540664,-13.212695,-4.831607,-5.420587,3.622335,2.643749,-5.309135,-5.399127,2.685578,-1.06126,13.743237,3.823206,10.064982,-13.760124,2.898915,-2.803364,0.085828,-7.201656,1.576494,-12.445481,-6.111953,-37.721922,-12.341828,-6.503041,5.071441,3.955275,2.821978,9.94567,19.984873,-20.528671,26.061568,-21.833876
7.094105,-2.958245,43.471032,17.252839,10.340006,3.521723,32.349428,19.462633,17.515136,26.699788,28.227738,10.356506,18.045716,20.165542,15.540813,25.780132,-4.464812,-2.554238,10.7357,-1.155931,-29.813291,-25.071431,41.177542,41.798373,-3.570105,-6.279754,4.450895,9.661651,6.734933,6.349368,7.855283,19.159954,-5.381141,-2.948411,8.634004,19.922197,-0.928532,-9.516868,-3.458539,-16.35076,-33.045287,-47.279754,-18.380839,-9.07242,-15.429894,-12.9793,-9.585618,-21.674983,-1.841364,-18.112049,-7.007822,-5.639903,12.709068,-0.979484,1.986268,-2.468037,-7.675821,-10.228353,-15.68015,-26.425571,-8.580846,-1.621417,-24.05244,-18.339925,32.614516,22.521311,8.711298,10.82956,-10.334065,12.722707,-15.306284,-14.822344,-5.18987,-3.69272,-32.942086,-28.478257,-5.196506,3.812902,18.020161,1.051042,2.995343,-9.0807,-6.295892,3.163226,20.416227,-0.029013,-3.352999,-2.762753,12.224191,2.728154,1.449906,0.899193,5.459787,6.097425,6.360757,-22.943642,1.062267,-14.377923,4.200109,-0.92308,-3.373797,-1.355641,-1.127402,-3.969299,14.070997,-9.768073,-0.621375,29.591099,-3.487953,2.28084,-8.093704,12.056506,15.751495,-18.496166,-1.549128,-47.089677
-3.191315,-4.148612,34.596209,26.167055,10.602941,1.980431,27.926286,27.109084,7.513136,27.06309,16.752894,-4.91959,2.871741,12.267774,3.804713,17.095581,-3.919112,-17.490341,1.731652,4.859141,-16.578738,-10.970669,27.830019,38.201961,-7.114203,-9.123947,11.347125,16.850851,-4.025937,-1.187726,-0.543323,18.622472,-5.117248,2.014522,17.50734,29.400811,2.715538,-2.612838,0.22753,-2.738028,-23.135095,-29.845258,-17.051626,-14.48762,-24.047572,-9.724179,-10.946923,-15.246686,-2.698366,-18.328784,-2.597247,-17.121655,1.278671,-9.281755,3.041892,-2.65123,-10.089206,-12.216565,-33.653521,-34.565053,-13.229057,-14.732704,-16.619498,-15.377207,20.901825,26.640363,-4.576117,28.83728,-10.880544,19.784127,-8.62379,-16.648135,-15.31864,-7.899873,-40.596905,-26.483789,-7.038163,-1.369533,10.666258,5.559283,7.789331,-3.399242,-2.910847,10.776464,17.885381,9.942108,-2.265391,-0.64085,15.809746,4.376219,7.266509,5.191934,8.945848,9.498186,3.536582,-11.853372,-1.428299,-4.88775,-1.649965,-3.13717,-3.84075,4.524029,-7.19796,-2.021027,3.602183,3.688132,-1.959459,14.40435,-10.507131,-7.631372,-19.924041,0.893087,-3.817173,-9.660373,-13.546977,-55.180743
-12.725989,-1.647289,18.268232,28.177306,7.586254,-0.222523,12.879667,30.495617,-7.514072,17.126256,-3.629498,-10.778347,-13.445598,6.465686,-7.771246,5.859683,-8.353771,-17.094457,-11.948751,4.980603,3.998655,9.79136,8.751065,23.052206,-6.620521,6.133754,13.643398,15.855724,-14.864366,-5.385003,-9.851078,11.687654,-8.384105,6.419277,24.893094,41.218348,7.394526,7.794645,9.428175,19.26943,2.241371,-2.425266,-18.770561,-17.292972,-21.105737,1.942831,-16.370374,-7.277253,-5.969339,-14.312468,1.336046,-28.712261,-15.384374,-21.595702,2.214091,-3.13776,-5.9515,-7.170014,-40.784438,-31.326749,-15.026887,-19.960805,-4.566985,-7.15892,2.539351,34.660984,-10.320473,51.886377,-2.078638,25.717877,-1.852063,-9.704948,-14.672025,-13.66131,-39.695872,-12.96447,-8.463142,-7.814821,3.247219,7.782444,3.345072,1.348207,-2.489497,6.987303,6.957842,14.548229,-1.706313,-1.32789,14.690738,7.56893,9.840663,8.2976,11.996198,8.505342,10.639228,32.173704,9.88637,8.683549,-4.567045,-5.181628,-0.38571,6.091988,-12.039822,-8.403572,-32.508306,-20.841173,-17.350689,-40.199761,-8.691361,-15.214675,-12.792667,-14.338167,-24.617434,-2.630866,2.853429,-34.335445
-15.592196,0.895232,8.192399,22.223786,4.792714,-0.896018,-1.572315,24.57681,-18.451094,2.145154,-16.914028,-4.558634,-23.131066,1.480256,-9.064451,-4.627636,-8.770499,2.069969,-16.750748,1.48408,22.351758,24.508983,6.904113,12.428734,-6.29984,30.385468,9.768117,11.008623,-14.795421,-2.53894,-16.907527,1.132665,-15.322308,0.607894,25.332686,51.558654,6.462045,12.886396,18.36177,30.694565,11.092111,11.408626,-16.414099,-7.07695,-9.403033,18.854437,-12.423083,2.897384,-5.751319,-3.105355,7.240617,-25.897544,-21.501079,-18.510273,1.607243,1.663845,0.527698,4.964229,-33.255555,-19.250523,-14.41138,-23.095982,2.525674,-5.14385,-5.660094,31.131639,-4.901525,64.140348,16.62985,39.200407,-3.096088,1.068115,-5.50531,-16.03728,-27.95889,-4.24021,-5.045354,-5.067618,4.326428,12.839958,-3.474311,3.289947,-2.173403,-3.002266,3.625895,15.318167,-1.179372,-4.409642,12.032556,9.475282,8.98182,10.430173,12.340931,5.79505,8.212599,60.125143,26.073637,13.889359,-0.059193,-5.138374,3.661431,3.468744,-10.696686,-10.627957,-50.772111,-44.453702,-26.257412,-72.713731,-1.597614,-11.857831,14.979958,-19.811724,-29.855088,0.202161,29.875719,5.311206
-14.616206,-1.267916,6.12018,11.951909,2.943153,-0.304758,-8.787655,9.149024,-21.457821,-10.574024,-16.817415,2.38912,-28.237866,-9.444168,-3.652645,-13.88241,-2.913217,18.839776,-9.383509,-2.163136,30.034901,20.212828,23.456555,13.317897,-6.358057,40.155242,3.621429,6.655845,-8.294491,1.99851,-19.523295,-8.882536,-22.798525,-19.90487,16.331273,49.210975,-3.172941,7.78108,18.650343,22.883236,-10.459222,3.862343,-9.824773,6.044358,-4.01287,21.836874,1.012246,12.070911,-4.336632,5.811393,10.358116,-10.524007,-11.545418,-2.633087,-0.141311,7.076748,-0.223236,14.504923,-21.324842,-7.161291,-13.523419,-28.902725,-2.793689,-12.967498,-2.245968,8.099187,1.574913,49.838368,28.417427,50.631253,-10.979572,7.946367,-1.458572,-13.620126,-11.871723,-7.191814,-0.466616,10.158369,0.971496,19.164752,-8.402805,1.459881,1.293652,-9.235724,11.31704,13.93306,-0.179914,-6.69045,9.682227,6.438177,5.197115,8.611304,8.935938,3.340582,-17.751782,35.345412,29.380212,4.924702,3.983996,-6.843226,4.452305,0.253953,-3.880009,1.726182,-21.544358,-14.405602,-12.101033,-42.887465,2.046173,-0.398928,41.552513,-12.592115,-18.667167,3.619642,32.564779,39.095931
-15.241191,-8.347681,4.052345,1.860253,0.821124,-0.050997,-11.194977,-9.347157,-17.018433,-14.745697,-10.605917,-1.193435,-32.512304,-25.848665,-1.562608,-20.765163,3.048157,13.045859,2.265448,-4.746782,25.72557,-0.416509,39.98557,19.261096,-0.893621,24.524582,0.568392,4.710978,-5.615745,1.291216,-12.680698,-12.013549,-25.707948,-44.11702,3.143924,31.003976,-17.956641,-3.650929,8.211196,6.291945,-39.513555,-11.367667,-6.056281,2.979711,-12.987859,1.593958,9.00312,13.612724,-9.748155,2.505527,4.529726,0.507355,1.726504,4.754343,-5.239559,4.019711,-8.940846,11.879487,-15.895366,-3.283848,-12.853515,-34.028841,-16.666676,-21.877048,0.38713,-20.50598,-1.988326,13.461381,18.619281,37.944951,-18.4719,4.860686,-9.729814,-10.405946,0.055515,-14.665683,-1.943617,27.843788,-18.089492,19.249434,-11.969443,-3.259619,7.108352,-7.020221,18.321169,10.094904,1.379984,-5.101814,6.69035,-1.598618,-1.014008,0.15811,3.391356,0.298832,-46.954572,-21.035116,12.637155,-9.761727,-2.656488,-14.105785,1.453107,-0.960889,2.279937,21.270373,31.052445,60.226825,15.498988,21.164382,-0.143153,8.997777,43.211725,-2.995609,-6.830356,10.899294,-2.062959,48.75847
-17.053818,-14.787445,-3.230899,-5.988607,-1.697622,-0.543972,-14.233696,-22.26275,-7.350117,-9.156313,-8.281031,-13.286466,-32.69427,-36.408295,-5.727559,-22.297897,3.697324,-8.997733,9.492647,-5.674126,15.511641,-17.37784,39.386542,19.400141,12.490586,-1.605389,2.219158,5.59302,-7.700757,-4.305985,6.531999,-3.533179,-20.094746,-50.250261,-5.121743,8.498914,-29.160442,-12.479854,-5.035293,-2.692733,-42.560289,-15.54245,-9.544101,-18.117685,-25.144906,-23.980627,-0.086082,4.051941,-22.557975,-8.921561,-7.781135,-4.052559,2.423336,-7.901253,-11.540129,-7.709613,-13.546953,-0.406915,-14.427661,-7.248391,-9.976489,-30.47728,-24.695721,-20.003246,-6.419761,-31.04209,-13.36011,-20.600584,-4.252114,-3.956208,-20.821502,-6.941468,-20.303657,-9.823555,4.905255,-14.277816,-8.881411,33.38987,-37.158338,9.028992,-13.286869,-7.330745,10.384431,-0.499928,12.993086,3.021985,3.206509,0.059151,1.894601,-9.46367,-8.130202,-11.518141,-1.362515,-4.781323,-41.837947,-51.732002,-11.478027,-15.226812,-17.572215,-22.897979,-2.721342,-1.179159,2.900123,28.639403,52.751612,106.915303,29.260432,54.842652,-0.651065,10.933598,19.191705,-1.38427,-7.611963,17.570098,-43.532231,38.537437
-14.241272,-14.531056,-11.2123,-11.175455,-2.793119,-0.561187,-18.08096,-24.866141,3.346705,0.511453,-10.941557,-21.281284,-22.490204,-30.44591,-9.438513,-17.12668,1.301636,-21.896292,11.012639,-2.696746,8.00178,-12.12151,21.997378,9.947841,25.483471,-13.939894,5.699371,8.886957,-6.453609,-8.116324,30.1564,13.141886,-6.506609,-25.670083,-4.872355,-4.097956,-28.691632,-12.896439,-9.711918,-0.169585,-15.107438,-3.067207,-14.767821,-34.333448,-22.080035,-26.271608,-18.288022,-10.984713,-30.972346,-13.272787,-15.457579,-15.425941,-8.921304,-25.05846,-12.882143,-16.643674,-3.082627,-9.450159,-5.188204,-11.088322,-2.724925,-15.621148,-15.535279,-5.801265,-16.60053,-16.426304,-19.397876,-31.029618,-15.553116,-48.255437,-17.810743,-17.2046,-16.996849,-8.988963,6.073259,-0.458336,-10.911907,22.497296,-27.006489,-5.731577,-8.059197,-6.609291,7.40098,2.976139,-2.126033,-5.771713,4.78231,5.035765,-3.301483,-10.981271,-13.126666,-17.818086,-3.750435,-10.799802,5.167075,-27.745087,-22.908717,-5.736774,-25.654828,-23.219904,-5.505659,-2.997437,-0.639816,14.199778,20.684003,72.267739,14.069947,29.625639,9.088077,9.571243,-7.928348,-6.072331,-16.135748,15.604466,-46.672422,29.329754
-4.073444,-7.162393,-11.936725,-12.466609,-1.0245,0.807465,-17.32334,-18.275021,8.81949,5.714525,-11.257342,-16.497361,-3.877367,-10.819386,-6.403002,-8.510811,1.214681,-12.814802,10.56738,5.604638,9.226174,12.64618,2.526923,-2.936646,26.803084,-4.936909,7.528607,12.749716,1.368819,-6.06664,41.580688,26.167753,9.419142,17.820465,-1.97778,-5.536227,-15.497103,-6.212641,-1.392774,4.012654,14.346335,17.569781,-10.837422,-21.254806,-0.982731,1.717189,-24.048283,-18.712613,-23.006464,-2.138422,-10.216528,-15.14393,-16.17946,-20.797333,-5.961103,-11.981149,16.549544,-6.62357,14.991155,-8.791736,6.866607,3.462337,5.961412,9.394681,-18.06257,4.983192,-12.301602,-19.095533,-4.247289,-60.352629,-9.858938,-13.878883,2.051223,-1.894796,7.997514,20.343226,-0.174826,5.716272,13.803161,-14.339647,3.73048,-0.492288,0.746901,0.948945,-13.280519,-11.978098,5.452229,6.106847,-5.752313,-5.125742,-13.260723,-13.671912,-4.427493,-14.329834,54.835691,20.138881,-14.642865,9.055261,-15.806215,-10.652518,-6.386459,-6.735441,-3.167244,-10.157808,-29.587151,-11.098355,-16.168971,-18.228253,27.795259,11.205469,-15.200025,-6.66766,-16.777868,2.899806,-4.627823,34.965996
8.18342,1.931574,-4.585212,-8.262731,2.458315,2.708754,-8.312346,-6.710741,5.089865,2.687098,-3.62937,-3.272453,11.189182,7.932514,0.86021,-1.793593,2.731432,2.586298,9.548513,15.250006,20.162923,35.184047,-5.354719,-9.537796,16.488027,10.987337,7.141053,14.471576,7.255778,-1.627712,31.153692,25.007958,20.321262,51.86399,-4.716929,-5.869203,2.716989,2.617475,13.819872,1.880081,20.062057,36.365528,7.19754,19.276076,20.431941,37.007381,-4.299903,-8.29878,-1.276157,15.862951,4.252587,2.501886,-7.75997,10.075846,4.622954,3.983297,25.845328,2.459437,33.213944,-2.558008,13.378037,16.530789,21.592536,12.941107,-8.674661,9.613137,0.858886,-2.426532,11.544303,-35.45571,4.115925,5.037113,19.697476,11.464851,11.451714,34.299299,16.817528,-2.415094,43.993656,-12.078215,11.723674,6.599622,-1.936617,-2.012578,-10.553947,-11.050667,4.673397,3.212772,-3.940204,2.848459,-8.335303,-3.724789,-4.416038,-12.873587,61.955541,38.432277,1.92002,14.851029,5.353267,6.209573,-5.800369,-9.308115,-1.969341,-23.313204,-43.598302,-59.505908,-32.990556,-33.131112,44.201312,15.505804,0.752925,2.462034,-3.860546,-12.893291,37.06142,45.92319
14.726695,7.207773,3.294418,0.089182,4.874033,3.46259,5.419489,5.579799,-4.132159,-4.028507,8.868209,6.96679,13.430915,14.178364,4.865136,0.972628,-1.120455,0.443036,5.382658,17.95594,35.769053,36.937834,-0.086461,-4.835088,7.181987,16.987756,6.288943,12.781827,1.537883,-0.700153,7.958297,10.947083,21.765413,56.357444,-13.274166,-9.886577,14.631316,10.489301,25.312326,-1.928878,8.293329,49.718029,33.081395,59.977224,24.400994,53.170764,32.08162,20.425446,18.809836,25.863989,16.840549,23.615151,9.199841,44.735042,10.26117,18.687388,12.498769,5.307903,34.731462,1.898269,13.388712,19.231967,17.200718,3.740807,1.363662,-5.459184,7.085186,7.257244,5.323731,-3.402765,22.742535,27.32613,17.887302,22.003064,13.598715,30.881952,24.010245,2.360763,18.987902,-4.589316,3.015399,9.096077,4.426646,0.136608,2.88667,-1.59439,2.51353,-0.13584,0.333386,6.813886,-0.612922,2.837216,-3.134494,-7.03029,27.293549,10.663631,11.377407,8.371656,19.977153,13.250756,-3.394893,-7.152542,1.070042,-16.819381,-7.872849,-35.734897,-21.717451,-3.09233,47.58943,16.701617,25.973441,15.526468,11.210024,-20.197561,29.275233,40.390429
14.165953,7.726928,5.092297,7.051429,4.841148,2.431052,16.319736,14.819124,-8.832101,-6.537247,18.044565,8.316993,7.772128,9.323209,3.139569,2.164832,-13.438391,-20.152573,-2.719591,9.380494,45.36086,19.357321,9.535998,7.902219,8.71725,12.244973,5.885883,8.745816,-12.547242,-3.757916,-8.268558,-4.231618,14.399363,35.448866,-18.445719,-9.049924,13.624101,16.87608,26.297544,1.430226,3.627125,56.055062,54.963821,76.469266,14.43399,49.019868,63.170499,55.436621,25.86389,24.831199,21.31341,31.342244,17.668468,57.850475,7.382489,23.447703,-13.89747,-1.811573,21.594979,3.798119,9.084953,14.050711,-3.659846,-7.822153,3.038342,-21.490091,2.987388,13.675847,-23.843074,6.25092,38.065203,36.587302,-2.025806,20.124081,11.535348,11.997096,13.557421,11.278157,-55.535528,-0.942297,-22.099516,5.7166,15.900243,7.675785,16.080979,12.929636,-0.108125,-0.646471,3.834143,5.572179,7.320386,3.271897,0.747942,0.642383,-4.516949,-29.840505,10.206524,0.006274,18.42158,6.089706,1.357728,-0.072776,3.144101,-1.507051,38.225431,10.052518,6.932337,32.553123,36.668314,11.617733,45.449437,22.582748,15.484295,-13.026662,-21.910807,11.666773
12.575301,6.22263,2.786046,6.719669,3.72707,0.359158,20.318454,17.348087,-1.905085,-1.875476,19.132896,5.000528,7.791785,2.889132,0.916807,3.91533,-26.096531,-34.444373,-9.437946,-4.189358,37.484277,-2.421836,13.923466,19.322831,15.195067,7.802895,4.578528,3.364798,-20.699215,-5.64395,-7.463294,-10.886117,2.881405,9.251237,-12.011772,5.373756,2.449216,20.380234,16.790742,9.639099,13.087346,50.35225,64.52201,69.698217,10.78972,44.605503,73.767785,79.190497,23.643349,23.741547,21.068896,24.734585,10.791609,48.74262,1.08245,21.276758,-30.784259,-9.573332,11.374365,7.43814,5.694938,4.343628,-23.964841,-11.815654,-0.504453,-22.077394,-2.631373,22.689629,-46.252967,-4.013834,39.551026,27.307226,-20.278106,6.953586,5.649905,-7.883031,-4.243649,12.661717,-120.211243,-3.693424,-45.888674,0.279214,21.869059,13.722934,21.404265,25.209346,-1.956405,1.30359,4.848807,2.616795,13.779357,3.985624,6.41516,7.907904,-1.288391,-43.673529,6.20424,0.611687,8.573748,-4.786998,7.023511,8.012916,4.049906,6.769117,48.904941,6.351183,30.920204,33.762356,17.70466,2.777106,52.941792,20.655909,11.875957,4.162067,-58.435057,-20.538795
15.57594,4.975485,3.202799,-1.832958,3.677153,-1.864876,19.526316,11.18512,13.173727,5.588211,14.466845,4.492408,18.728101,0.750659,3.593583,4.184083,-25.938735,-21.394732,-7.386813,-9.769624,9.595159,-18.043245,10.07102,19.876714,12.10476,8.659644,0.662932,-4.646111,-13.76253,-2.733661,1.876045,-10.733,-6.326775,-6.520286,2.869547,25.119003,-9.452155,17.615955,1.240423,9.21649,17.495655,29.337942,60.566609,58.18587,25.090985,51.804087,65.21026,79.401716,23.42066,31.471192,21.646499,17.003856,-1.196252,37.98238,-0.955865,19.896344,-25.232293,-7.848539,16.648638,14.289452,6.173786,-8.180589,-29.393505,-7.990318,0.209589,-12.070504,-1.157943,27.516657,-33.902845,-9.207911,24.584558,8.872292,-19.544501,-5.359372,0.177933,-12.452562,-11.392197,2.860326,-118.329573,-7.115438,-48.529955,-2.959022,15.060691,10.533015,18.703431,27.569984,-2.451817,2.250031,3.866586,0.96167,17.185743,10.857363,9.941265,13.356055,15.835548,-28.508118,5.351573,8.295221,4.761599,-5.73578,10.113021,12.223311,4.845108,3.765992,20.285187,-49.483443,37.610459,4.406786,-3.212166,-6.768197,47.975462,15.480351,14.816596,19.497263,-36.441789,-30.34849
21.667051,4.075202,7.985936,-13.69763,4.7863,-3.946289,17.632914,-1.463283,25.282845,9.788046,9.653979,9.039293,30.39455,1.345836,9.379163,-0.527834,-8.610953,11.11485,4.590006,0.05806,-25.642243,-28.626565,1.600332,6.411213,-4.781997,7.326329,-5.273384,-16.397548,2.149069,2.46866,5.297558,-11.710302,-7.282833,-9.867823,13.723769,29.247607,-13.392938,7.317084,-14.403469,-7.030216,1.783042,1.274806,46.621837,53.367519,45.171218,58.606541,48.644987,57.356768,28.543239,41.912806,22.237983,17.273506,-3.778099,39.658293,3.092723,20.67093,-4.920205,1.220337,30.94546,19.4166,9.698446,-18.95209,-18.719388,-2.323367,6.807863,-8.490667,5.449595,15.532346,6.965819,2.663033,3.687118,-5.585499,-1.739427,-5.689078,0.290572,2.3565,-1.486713,-12.531263,-51.779224,-4.697141,-27.492284,-3.740158,-0.648852,-2.270198,10.984708,16.720299,-2.05879,-0.425131,1.943066,-0.047827,15.716693,19.687359,7.490031,15.575678,0.61244,-11.983751,4.623225,10.977509,10.833341,4.991137,8.246043,10.783399,4.633926,-2.572303,-12.779911,-89.688086,29.666331,-19.485561,-22.773008,-17.636142,31.018304,13.421773,29.261598,21.943097,22.163363,-14.718591
24.768137,3.196361,10.494203,-22.679335,4.876592,-5.46261,14.644238,-14.39423,26.337705,9.251137,7.825217,14.982602,29.65184,2.095636,11.528626,-9.048791,15.736223,35.617799,18.798219,18.872494,-47.392519,-36.329787,-6.561425,-14.591814,-23.157777,-3.528802,-10.288758,-27.794328,13.89688,5.169251,-0.200691,-15.967373,2.008359,-5.33534,11.536539,8.516137,-7.446104,-5.674795,-24.325335,-27.471889,-18.214559,-16.064474,28.00195,49.274186,48.818747,46.828455,32.998883,27.447414,31.069415,41.375603,17.620966,20.068396,6.363523,44.590073,8.19343,18.1731,12.939714,5.787885,38.586388,18.505254,14.725183,-18.360657,-0.250166,2.687871,9.922814,-16.075794,9.079974,-11.331872,41.547998,16.349994,-7.615069,-12.145656,16.728758,4.839036,7.272413,23.612355,14.134514,-25.539558,24.185824,3.383089,0.678588,-4.940507,-13.305784,-15.785674,0.187556,-2.992537,-1.611707,-5.476776,-0.578275,-2.259477,9.359995,20.188172,-0.214576,13.524449,-53.484038,-10.958613,-0.955274,1.598775,17.813794,16.488838,3.215065,6.28338,1.304194,-4.702492,-21.16925,-64.251842,15.621463,-16.298264,-36.303572,-29.994459,5.471398,14.391308,41.08598,9.346087,56.345306,3.957688
21.863194,2.956749,3.934067,-26.070348,2.144058,-5.252123,7.694549,-21.396354,17.97518,6.73851,7.751729,18.107459,17.069742,4.70524,6.67277,-14.58837,31.552306,36.244487,25.144258,31.156061,-44.454188,-35.476107,-13.428839,-31.118869,-29.04927,-18.206126,-11.726611,-29.799204,16.487286,4.798264,-5.802818,-17.704573,16.067922,4.221077,-0.14109,-20.29079,3.197793,-13.142822,-25.090312,-32.22569,-12.196408,-11.734329,10.825902,35.948592,29.587638,18.50927,20.231553,6.450366,23.51887,26.476812,6.890024,15.02107,20.447967,34.080806,9.224891,9.660059,19.62187,-1.082812,34.91271,15.511662,20.993046,-0.223603,17.271417,10.40799,1.426234,-19.39912,7.059556,-32.309416,43.580678,12.873354,-3.464426,-16.117235,23.166539,14.878565,15.870776,31.932159,19.687279,-31.802482,58.664654,10.879147,17.822257,-8.056012,-14.364953,-19.030416,-11.813299,-21.165908,-1.343853,-8.859531,-3.50956,-4.691529,1.906463,9.465972,-7.378326,8.277737,-94.190315,-12.746997,-8.634593,-12.427553,17.031062,18.886243,-0.096342,3.103453,-4.214997,-3.735929,-11.589639,-6.661676,0.672972,-0.009488,-36.535036,-37.568372,-19.581263,13.391419,33.243889,-9.265958,39.147269,5.234312
15.89633,3.404378,-9.526801,-25.031864,-2.490874,-2.502464,-3.704771,-20.54255,7.750369,4.132952,6.199066,16.964952,6.559425,11.452552,-1.57848,-11.447733,31.905491,23.685269,19.740399,25.919692,-26.5662,-20.593864,-22.595007,-35.890194,-23.508206,-23.56955,-9.687859,-17.066345,16.029349,5.205379,-6.124051,-14.253653,23.222882,15.021042,-9.953509,-30.996202,10.890284,-11.259714,-18.373257,-16.012466,23.186439,6.003544,0.327843,15.409799,3.640217,-4.663067,8.635853,0.040295,9.316328,8.999641,-3.952596,2.3618,28.634582,5.056103,6.649565,0.359247,19.573257,-13.205453,30.397543,18.354281,27.265566,26.950582,28.364437,22.524995,-14.192026,-2.561829,4.594513,-30.210441,20.818162,-3.610086,6.657317,-21.076894,18.903579,15.329724,17.830828,18.834323,11.528359,-30.969933,50.142023,12.188234,20.785782,-10.817945,-6.803171,-9.036126,-21.183111,-28.224535,-0.778344,-7.634533,-5.881976,-4.047771,-1.24761,-2.577889,-8.033155,3.253081,-67.045843,0.445384,-10.13298,-17.113177,10.635987,14.239675,1.581684,3.479435,-6.835885,-4.542865,-10.189996,6.846808,-12.756904,5.766285,-21.334438,-31.269585,-34.809826,7.17569,8.401904,-19.997379,6.820444,-6.096822
11.369776,2.502097,-20.451997,-21.840425,-6.107729,1.568219,-15.295074,-14.786335,0.797413,0.303695,1.377538,11.511419,8.293356,18.852566,-7.619775,-1.780574,23.100745,18.371297,7.032987,6.372552,-15.139997,-0.514212,-37.561239,-33.916337,-19.268196,-16.054336,-6.842959,3.470153,18.756279,8.668,-7.950412,-14.458368,14.556135,17.399586,-11.375038,-18.132381,11.225012,-4.463667,-10.266215,4.517311,52.921842,17.997908,-2.640141,-0.939374,-9.317889,-8.152422,-2.937461,-0.823078,-1.35806,1.533749,-9.485708,-6.889611,27.859626,-25.177026,4.547549,-3.088502,20.320614,-19.028895,34.220484,26.755367,29.289458,42.629501,29.695026,33.09336,-24.394004,27.608964,5.674628,-14.175448,1.801305,-12.659078,8.004046,-22.502017,13.003669,7.940537,10.187821,-5.513143,-0.306619,-24.455478,34.418214,6.948916,19.801786,-9.490363,-1.272925,6.072891,-24.417028,-22.776588,0.396167,-2.672273,-6.523381,0.575719,1.291268,-4.274965,-1.77804,1.318043,16.292948,21.103177,-3.033684,-7.966907,6.765001,11.788376,6.527693,5.835042,-2.574693,-6.893058,-25.490313,-45.521165,-20.697468,1.306243,-1.616436,-10.986046,-39.793021,-2.173652,-11.30638,-15.516662,7.591871,-10.046092
9.562113,-1.796508,-22.854154,-18.289616,-6.772821,4.046799,-21.845858,-8.991086,-3.142777,-5.461717,-5.049641,1.845888,16.623981,19.512962,-10.233856,6.029633,16.905806,25.669238,-5.340156,-12.917113,-21.22564,4.646108,-55.865109,-37.985975,-22.266409,-6.924692,-5.910575,15.728913,22.428696,12.367526,-19.84906,-29.785353,-5.88546,2.743487,-8.387314,-3.753718,5.766358,-0.411751,-5.76077,9.077619,41.72047,15.09156,-2.831632,-7.420757,-6.726624,-1.902611,-13.959826,-8.54882,-3.686283,2.880294,-11.86915,-5.843375,19.909911,-38.920254,4.579923,-1.85156,23.119078,-14.793083,40.35349,29.46746,23.410362,33.203827,21.495475,33.748388,-23.151746,44.462496,6.426083,-11.536983,3.151277,-7.393201,-4.082031,-14.645541,10.634766,1.266859,0.116819,-22.081871,-4.941962,-14.532891,38.608931,-1.521789,23.624405,-2.753994,-4.54456,14.652456,-22.487943,-12.585401,1.576696,2.332417,-5.588248,5.264671,4.381565,3.343934,5.548225,1.689593,81.648286,23.061743,4.516857,4.759576,7.611449,14.885832,9.729523,6.817003,5.760274,-5.430005,-37.500942,-99.398403,-19.002409,6.706985,4.329438,9.863941,-42.787152,-9.569966,-8.977388,-1.93138,36.097856,-0.996895
9.225534,-7.868805,-20.669845,-16.231619,-5.434724,3.037303,-22.296955,-6.806107,-5.80962,-10.354873,-8.526465,-9.677319,18.186756,11.233662,-12.394728,5.908937,19.789624,33.319248,-12.583758,-18.239954,-34.592334,-14.249856,-68.244589,-54.081798,-23.433799,-8.073314,-7.262107,9.141086,21.255441,12.229593,-36.908488,-56.537143,-21.603322,-22.446653,-8.294489,-10.942189,0.153267,-1.762003,-4.006233,-3.502749,-3.020497,6.510284,-6.15861,-9.850116,-1.573963,-5.450127,-22.695914,-23.619338,-2.249275,1.879615,-17.140605,-1.320905,7.175608,-36.573044,4.06866,-3.654838,24.742257,-7.054596,35.281915,17.292571,12.650017,7.457043,11.229665,24.093279,-16.635647,29.114524,0.920682,-34.993898,16.01049,-4.597456,-19.946762,-1.005401,10.117123,0.180777,-0.857253,-20.880635,-1.388621,-4.360789,56.634866,-10.198562,30.294137,6.864264,-12.800244,12.506463,-20.188613,-7.449692,1.636199,4.186514,-4.7993,5.025704,1.327363,7.335588,7.097556,0.816281,69.147808,-3.152037,3.026791,7.780109,7.112668,16.95321,7.84902,4.915863,10.512142,2.180355,-23.754005,-79.606017,-9.054888,28.361852,-11.234742,16.211672,-49.180076,-11.422366,7.464638,6.65017,39.379755,3.139568
9.807971,-10.879645,-21.944621,-17.28638,-4.68783,-0.21757,-19.924241,-9.482852,-6.732452,-10.763347,-5.098072,-16.933432,9.3252,1.102115,-15.793449,-0.149248,28.923032,30.145099,-14.442742,-7.769811,-36.607892,-40.054722,-65.21529,-71.545014,-12.370315,-16.97644,-8.781165,-9.906007,15.735746,8.53144,-42.651217,-72.844786,-18.167023,-36.491864,-11.368368,-35.223625,-0.879509,-4.520558,-0.788778,-15.015282,-37.327773,5.268242,-13.509879,-15.482067,-3.901604,-21.318792,-26.91315,-33.070871,-3.30257,-6.541815,-25.576977,-4.979843,-6.802052,-31.785076,0.218818,-12.207373,23.958296,-3.356632,16.652848,-3.937054,5.921465,-11.123462,10.624225,13.160495,-13.292029,-8.447291,-8.904496,-64.739531,22.437673,-20.20531,-26.531785,6.705924,8.534096,1.393691,10.495166,-9.339279,3.822337,3.201893,66.679507,-17.477349,32.404506,14.462325,-16.674766,5.963479,-20.276396,-10.466213,0.125786,2.584416,-5.705156,-0.529243,-8.145265,-1.082807,0.994898,-3.145842,-2.698361,-33.818897,-6.786313,-0.447163,0.625377,11.25327,2.183325,1.984649,7.66394,10.733554,11.682637,8.063653,1.460217,44.070019,-34.71601,7.719332,-53.292979,-8.14857,15.021137,2.044736,-10.879414,-14.176973
11.061672,-8.419226,-28.079319,-20.419452,-5.855424,-2.584008,-17.750234,-15.670521,-4.729788,-7.411662,3.939532,-14.08825,0.236815,-2.076854,-17.845225,-5.169032,35.967146,19.171582,-13.341292,7.093765,-21.994189,-43.644163,-45.774131,-70.831695,5.66772,-21.008353,-8.014291,-23.40246,12.462599,5.260563,-27.743939,-59.091884,1.428634,-23.893491,-10.377361,-48.994703,2.425781,-4.454781,4.229011,-9.885198,-30.086022,9.350063,-20.373457,-23.294549,-10.377425,-32.669337,-25.865734,-26.446821,-7.233049,-15.132292,-29.744252,-17.479957,-15.851333,-32.406178,-5.614922,-21.476372,21.714182,-4.245649,-3.007694,-18.836241,8.268577,-8.633593,23.771808,8.977061,-12.275935,-38.651595,-14.135415,-69.70518,16.375911,-44.468165,-20.806153,1.286833,5.714622,-1.189966,23.130706,-3.402762,5.879677,7.052794,59.859366,-21.523726,27.201621,15.230698,-11.748929,3.889322,-19.932833,-16.280885,-2.025332,-0.23267,-7.912919,-6.649574,-16.348758,-15.019793,-8.528726,-7.583818,-58.728714,-37.644581,-15.164367,-8.986465,-7.732261,0.956417,-3.152778,1.067711,1.736352,12.927894,40.458031,79.891387,5.629587,29.320138,-43.01393,-0.770403,-45.707263,-3.745314,3.179132,-9.581247,-72.828853,-41.596402
9.824268,-4.541913,-31.644989,-20.854302,-7.562825,-2.472888,-15.315716,-21.207717,-1.122474,-5.045306,10.988992,-2.232189,0.908476,1.942586,-14.790771,-4.660705,33.512583,9.828629,-12.391573,10.698815,-3.701859,-15.314528,-19.42141,-43.437281,13.735191,-15.429916,-4.629134,-19.512859,14.169805,4.248057,-2.131083,-20.71077,18.169966,4.349387,-0.459158,-34.265372,5.38058,-2.93958,5.448194,7.231299,3.667872,3.728327,-23.04593,-28.480374,-13.094656,-28.020539,-22.6896,-11.405389,-10.739957,-15.717982,-23.799267,-26.436614,-15.323161,-32.671384,-9.20998,-22.842072,16.215784,-5.654227,-12.923713,-21.169434,13.089355,6.044213,39.011431,9.393994,-5.953014,-41.09295,-10.497172,-44.054279,4.140635,-52.968567,-11.168682,-11.164363,2.219414,-9.054006,21.156477,-11.02855,5.245796,7.073267,44.476187,-19.798198,18.499039,7.118631,-2.619984,7.624997,-14.726926,-17.696652,-3.133143,-1.597716,-9.392808,-8.776562,-15.403114,-19.86708,-15.256758,-8.182076,-49.042954,-12.030197,-15.631912,-7.843858,-10.699272,-4.186451,-5.347661,2.831723,0.48441,7.624368,38.847277,68.533349,3.932321,-8.950975,-27.939674,2.834274,-27.678435,-3.060204,-14.009837,-14.449747,-78.293012,-48.949559
0.911245,-5.689237,-25.479526,-13.750425,-7.192426,-1.40158,-10.671097,-20.346785,1.048595,-5.956467,8.114067,10.083726,7.680963,5.187763,-6.389771,0.176453,19.871009,3.754343,-14.166963,-4.161464,4.314848,22.98041,1.44238,-3.185969,4.698843,-10.361898,-0.803264,-3.942375,14.964925,2.797364,15.382312,14.569908,16.223892,19.126193,13.128519,-4.211682,3.835169,-4.569016,-1.279035,18.474247,24.54049,-18.054,-23.204568,-32.458484,-12.2899,-18.603883,-22.991081,-8.509977,-13.087329,-11.55486,-11.864627,-20.993248,-8.242036,-24.498205,-8.221168,-15.941999,3.318733,-5.617795,-17.989798,-21.077656,7.984121,14.600298,38.041016,6.476027,7.149312,-21.105526,-4.675526,-14.453339,-9.520107,-39.954529,-6.606664,-17.75976,-2.680607,-17.991174,0.619052,-24.664702,3.3945,2.277772,28.783705,-11.166607,10.658149,-6.448808,3.219925,10.331818,-5.145344,-13.018997,-2.166449,-0.260867,-8.418312,-7.030358,-5.989933,-11.191257,-15.850669,-4.196799,2.199691,15.174961,-12.295712,0.839681,-8.504281,-0.311975,-4.859132,4.549099,5.422422,0.557003,10.04444,-3.313162,2.029292,-36.94795,-5.812077,12.765858,-12.935564,-7.736831,-15.374443,-6.291523,-15.306703,-23.613479
-15.953716,-11.901999,-11.695597,0.160905,-3.512397,-1.68856,-4.36446,-9.74815,0.877246,-6.069463,-4.075425,14.884915,8.116017,2.174841,3.626244,5.730606,0.583745,-4.582835,-18.911642,-29.175786,4.24452,40.844361,11.646121,25.021144,-7.814933,-16.064988,1.064193,7.472122,8.659755,-1.286353,17.505777,24.957026,0.078494,5.618237,19.445871,12.548288,-1.130424,-9.727123,-10.751638,14.271548,16.345618,-40.245904,-24.211649,-40.795044,-14.264511,-23.214303,-28.450564,-27.871483,-15.619892,-12.667016,-3.642975,-4.565396,-3.377868,-10.12655,-4.129216,-8.863645,-15.495977,-4.762094,-29.775921,-29.220272,-10.005876,12.313174,16.109807,-1.100121,17.0981,1.162451,-5.33868,-8.224785,-26.107261,-27.142681,-6.968457,-12.832997,-8.112704,-22.69895,-24.387649,-29.292544,-0.464054,-7.867826,11.41861,2.465847,4.856921,-16.192847,3.686674,6.460045,3.233799,-6.173275,0.341573,3.149098,-4.888177,-4.450627,3.209197,-0.047211,-11.236393,0.263595,32.661337,19.522079,-12.7674,6.634936,-8.968655,5.472487,-3.782472,2.986278,9.959313,-2.589616,-21.600953,-53.767819,2.748365,-33.816977,0.78227,12.680956,-12.255364,-13.619987,2.230706,7.11309,53.754662,11.749718
-31.46554,-14.243257,0.512656,13.948133,2.248007,-3.038819,0.316563,7.392309,0.455528,-0.109695,-14.589292,12.600345,-2.398558,-3.079016,11.133217,10.149677,-14.44125,-14.822564,-22.744121,-45.289224,9.612522,32.415294,15.804515,28.766346,-4.885406,-25.428618,1.15511,6.270162,-0.979357,-4.354473,13.85384,17.270947,-10.080772,-17.211786,13.937404,5.813283,-3.899608,-12.082526,-11.770564,2.865032,0.674231,-38.584611,-23.936055,-50.187016,-18.523008,-39.817679,-32.183293,-53.812255,-15.758849,-20.132395,-2.307665,9.859375,-4.817493,1.27099,0.417576,-7.382424,-29.005323,-1.153603,-46.022897,-37.648401,-27.731499,11.784136,-9.641526,-4.657932,13.418324,12.937712,-9.892577,-20.60544,-42.837608,-32.314906,-5.172614,-2.441666,-8.751882,-20.388307,-34.182475,-17.104712,-6.242062,-18.831056,-8.794189,17.560599,1.907903,-12.179414,2.994882,-0.049648,6.589538,-0.46316,2.644569,6.789736,0.095409,-1.94309,5.075324,1.177333,-4.519717,0.856805,15.177994,6.450752,-16.51012,3.990848,-15.832393,4.32513,-3.170364,-1.798276,7.780247,-1.516285,-33.696292,-35.640932,2.784157,-16.646871,-10.302041,-2.43472,-19.297894,-13.453615,21.036046,13.604427,63.394206,24.713979
-32.88395,-3.531421,5.361046,20.946644,7.668434,-2.365025,1.398916,22.163705,0.968939,9.932307,-11.944222,9.913077,-14.188387,-3.11226,14.455371,13.411815,-17.904703,-16.711678,-18.963365,-37.172681,25.051052,20.658872,21.268578,19.1152,14.353692,-18.514181,2.320539,-0.812404,-3.285094,0.067139,16.152019,17.615725,-0.742987,-15.93009,4.274402,-4.858869,-0.122729,-4.914931,0.108068,-1.915671,4.311164,-7.089445,-14.974061,-45.182755,-14.613955,-43.26206,-23.75999,-57.755254,-7.157102,-21.727188,-0.691207,15.012378,-6.114605,6.67871,4.435542,-7.546782,-25.359399,10.316039,-47.918185,-25.153505,-28.134258,23.107583,-16.324432,2.998851,-0.994766,16.740058,-5.537335,-20.955776,-46.190813,-38.38018,2.478215,5.052512,0.7332,-10.508625,-22.055584,5.445139,-9.333161,-20.014907,-22.84279,31.342344,4.738163,7.255949,5.24113,0.743077,7.687217,5.693716,3.073672,8.696277,5.257902,2.788683,1.520083,-5.505392,1.530495,-1.923623,-17.29219,-0.786798,-14.521787,-1.685457,-21.113011,-2.719539,-2.369994,-6.054362,1.118943,0.732607,-21.610537,17.846989,-1.822179,-17.577248,-17.033904,-17.077046,-16.477127,-4.359298,23.401513,11.087311,18.735901,11.247749
-16.915112,18.234271,6.303295,21.490149,11.042913,2.559372,1.15817,26.729593,-0.20143,14.813925,3.010821,10.053428,-15.365726,1.973467,14.003371,14.974355,-11.518326,-3.839837,-3.537375,-6.451205,37.702633,28.175544,29.697608,17.098526,31.347255,13.294428,6.734306,-1.617693,5.449133,12.292412,23.487898,40.329399,19.642204,18.810948,2.940914,5.815205,8.414639,10.958647,15.775059,2.54466,24.441442,33.421793,5.66971,-15.131053,3.94118,-15.710845,-1.15673,-27.861258,10.53657,-7.074241,8.552135,15.722866,1.353465,12.401058,7.831995,-1.54809,-6.180464,30.393617,-22.660868,15.023039,-9.226872,36.854332,0.033419,15.657217,-11.027572,19.314534,14.449025,9.687326,-24.542707,-8.212399,10.821596,9.05785,17.193809,5.923788,0.622951,23.800514,-4.36226,-2.927401,-20.070779,41.646271,14.407268,31.317932,9.342429,12.831986,11.895069,15.645191,1.271389,7.812347,9.377376,10.627995,0.188378,-6.511636,5.297461,-3.497895,-18.292231,7.118511,-1.307852,-1.812382,-13.437856,-6.043094,-0.59821,-6.126528,-1.685551,2.798987,3.602648,42.43145,-9.04675,-40.653322,1.252472,-11.858778,4.818959,7.39332,10.150786,9.376975,-18.187402,-1.782712
4.964546,37.242938,10.439109,21.756943,11.930496,9.748995,3.641263,21.05084,-6.225858,8.39744,16.005792,8.163493,-6.607098,3.734069,10.87215,13.57339,-4.937451,13.131792,19.522783,28.252426,32.854312,49.797632,36.233181,30.728472,30.92029,52.560009,12.547087,6.765216,15.517186,23.147572,25.881698,71.006161,29.957909,59.252683,14.239533,38.673486,15.232257,27.000021,21.591326,7.020127,35.173297,55.215288,28.861235,27.327109,26.399185,27.538453,23.615239,16.974458,25.221717,16.367506,21.835557,19.578895,14.970486,22.650145,9.242026,10.851882,12.198802,49.726705,15.770765,58.805671,12.144604,33.254594,19.508136,18.178475,-5.403942,19.647,38.994369,55.11112,13.657501,67.327578,11.593533,14.550751,28.279769,24.551688,17.231602,27.599988,6.706507,27.438471,-4.747174,45.057326,24.873555,43.97329,11.230853,27.704805,19.327897,28.19106,-1.521988,4.573337,11.056564,17.234308,4.700843,5.307879,5.991894,-0.990604,15.347637,16.011722,16.250076,4.28446,6.61565,-0.181928,1.502008,-2.484959,3.326215,5.75157,26.546633,20.873587,-12.141884,-53.438031,37.537503,12.98952,33.630036,11.505415,-4.484126,17.235866,-9.163044,6.890653
16.34631,40.221082,18.955119,25.736617,10.352974,14.097782,9.385385,12.34333,-15.042375,-3.879168,13.273302,-1.545412,0.329175,-3.32199,6.780691,9.484184,-6.424081,14.576184,38.99158,45.958717,14.502774,59.836254,36.033371,47.8487,19.246243,70.548973,14.917286,15.907948,14.513909,22.14644,19.171168,82.669834,19.704609,69.624742,29.299164,68.65459,15.337096,34.546541,14.546702,4.547534,22.839154,48.782121,38.991532,52.706648,32.266505,51.178228,33.758751,45.031779,21.805027,28.380114,27.70037,25.437061,20.682678,30.486809,6.883034,20.602834,14.541488,55.223655,36.13435,70.600509,17.217048,7.212359,19.727698,3.973314,11.03547,11.759934,48.083575,81.710603,42.129557,147.577536,3.251614,21.958287,23.673656,36.690213,21.403216,17.616726,13.485723,51.847701,4.536601,37.962041,26.133007,37.730716,9.520642,31.61191,23.676644,36.531571,-3.357606,0.656071,9.350291,16.223024,10.374723,20.344347,3.675281,3.015855,44.216135,11.141651,24.958876,9.086285,23.834585,8.466395,2.153983,0.52301,10.166985,9.464806,36.306828,-3.172505,-7.363119,-26.243158,61.494753,36.172373,50.829097,5.043142,-11.783548,30.565145,16.272928,24.777485
11.282544,26.943939,25.457406,30.040792,6.304675,12.150292,13.871196,7.5524,-19.348451,-9.950576,-3.766318,-15.736768,-2.264381,-13.079635,4.28846,5.225992,-14.252509,-5.338605,44.223861,40.201439,3.410933,44.536942,29.915448,51.562287,14.231819,56.437793,11.268323,17.80539,2.494368,8.609494,10.15981,65.26297,-0.33054,44.351113,33.955758,71.646573,9.350476,31.461736,5.061464,-0.397609,2.055681,25.90234,28.971878,43.9181,13.804333,38.250741,23.571142,42.163184,-0.097608,17.955595,20.987755,24.932655,8.929763,25.585453,1.838467,19.958497,2.371619,43.420225,21.927942,40.04429,4.066154,-22.666806,-0.416799,-15.736048,23.06625,-3.394335,33.378574,74.516313,41.815915,178.120282,-6.742727,24.21554,6.596466,33.799505,18.645814,2.369202,7.236057,51.828749,-4.243811,21.56482,14.770151,20.271036,6.925037,19.375417,19.886935,34.520642,-3.031513,-2.0865,5.136022,6.550992,10.274072,22.972903,-0.281833,3.469617,38.40326,-0.347275,19.429274,7.310297,23.486825,9.103505,0.181869,-0.822119,9.421627,10.889851,29.879428,15.013211,1.651647,28.129544,51.615325,38.826184,48.235267,-2.988831,-16.470762,36.374133,7.472008,22.930191
-1.371867,9.37326,23.785542,28.191856,0.493918,5.563568,12.110076,7.040701,-13.895752,-4.728339,-19.757677,-22.98327,-9.364029,-14.102872,5.215365,2.928579,-18.865599,-29.409409,33.409789,22.476033,12.815997,19.659558,23.07048,39.343897,21.433291,27.674099,5.044372,14.883382,-7.863081,-7.358967,6.081519,34.33972,-11.5361,11.390033,21.420363,47.485975,1.605907,21.422234,3.628687,0.9108,-6.293426,1.747996,8.128594,15.452255,-13.113844,7.860321,3.863268,21.822942,-22.063414,-4.17293,10.023795,14.167376,-12.193057,9.584943,-1.54386,11.774587,-9.046247,24.796284,-10.987981,-5.962275,-12.971199,-33.760521,-21.717476,-23.624961,21.605524,-14.492385,6.945045,48.732257,20.757506,145.679579,-9.604948,15.904396,-8.883519,15.28566,15.263475,-10.551615,-8.493198,27.341416,-21.236732,4.700691,-0.744423,6.274229,6.04674,-0.360322,11.16766,23.195312,-0.965103,-2.790926,1.371305,-4.892624,3.63825,10.236575,-3.481312,-0.972728,13.810326,1.764197,7.517176,3.200868,7.198387,-0.267217,-3.627056,-5.661594,-0.796321,7.287237,12.521464,64.754404,8.150439,63.874712,19.386132,25.058249,33.305135,-1.244005,-25.803165,27.69065,-34.599434,-3.616396
-8.906325,-1.165612,15.37857,19.331117,-4.889697,-0.459785,4.434511,6.296002,-1.791563,4.057821,-21.75361,-16.476165,-11.724533,-3.998024,8.39335,1.895843,-14.153232,-35.273015,14.721062,9.291251,31.165126,11.476318,19.482154,24.16091,27.200951,9.807056,2.748797,15.653957,-6.854815,-15.324007,4.562528,11.346395,-8.480911,-1.827018,-2.054163,15.21841,-4.467382,8.781694,7.987102,8.589307,-2.631974,-19.057499,-6.607416,-1.881735,-24.488694,-8.579493,-9.060669,6.281315,-24.717458,-17.892038,6.979606,-0.34664,-24.363822,-2.4616,-0.24898,5.524019,-8.959984,12.492456,-32.394275,-31.330029,-21.300876,-24.555015,-27.854383,-16.13537,11.942802,-10.755798,-11.742738,27.099801,4.272447,88.046343,-3.939246,2.264652,-12.969754,-8.761972,10.22819,-19.384054,-19.944437,-1.992321,-26.067337,-1.874278,-8.262544,2.813318,5.840556,-14.104793,6.229203,10.072245,1.287097,-1.944537,1.10489,-9.506179,-3.735205,-4.620678,-3.968923,-6.10546,8.92519,22.17537,1.31416,4.809924,-9.176126,-10.724498,-6.837407,-9.53484,-12.535974,0.028823,-4.928939,93.3394,9.438042,51.661355,-2.448568,14.624327,17.027919,9.830694,-36.867713,11.186386,-56.119017,-26.074154
-8.029714,-4.2134,7.567728,10.49002,-7.143854,-2.144259,-3.149713,2.966249,8.053901,5.416423,-12.155384,-3.201287,-9.173935,6.337326,10.094181,0.071889,-4.849195,-20.31538,-0.600105,6.302991,34.32166,24.311569,18.895221,18.31484,17.697156,9.63892,6.529334,22.059934,0.31935,-14.147243,-1.342713,1.404218,-3.151727,1.339126,-22.595193,-9.160637,-7.886917,-3.979975,7.156226,13.104311,-4.657736,-37.437325,-6.990692,5.376152,-13.349071,-2.769592,-8.451415,3.054295,-8.806314,-15.892026,13.102147,-9.02543,-19.793429,1.173477,3.158259,5.341446,-2.738401,8.127504,-30.527843,-27.558646,-23.219102,-14.810245,-22.640718,-7.754908,5.714205,5.727109,-15.097626,14.961131,6.144122,48.701136,3.955428,-4.809763,-10.146348,-24.51311,-0.353772,-25.369374,-16.94647,-15.033568,-12.981163,3.800871,-5.294057,4.132259,3.787341,-16.58116,9.810591,2.202471,2.502767,-0.727145,4.77552,-5.510834,-6.9634,-7.871924,-1.6904,-6.95653,33.138315,39.93384,4.984391,12.200971,-13.069257,-13.898724,-7.160818,-9.251814,-16.871696,-6.375728,-12.514653,69.413061,8.170215,10.456664,4.870636,16.969617,3.019788,16.567009,-39.565821,-1.320952,-23.229618,-17.547569
-5.948503,-7.22798,5.647419,9.214064,-5.405171,-0.370255,-4.689519,0.295356,9.552299,-1.464523,-3.712472,2.974452,-10.346807,4.967616,7.619202,-2.520988,-0.895644,-3.807655,-6.755694,5.569264,13.849768,34.370783,18.787396,20.597142,-1.778813,12.18844,10.807418,25.314407,0.209483,-10.254234,-10.776148,-5.656984,-9.012072,-4.930452,-29.407693,-25.032488,-8.034813,-14.625299,-3.009134,7.297021,-19.830575,-48.553961,0.33834,20.201471,4.04249,5.59639,-0.335999,2.736467,5.516169,-9.167144,17.510632,-9.7646,-10.174531,14.323458,2.948412,5.654291,-3.395223,1.731635,-21.892483,-17.790232,-29.142663,-21.225626,-21.869945,-14.074017,7.631332,21.30048,-11.742074,3.022946,14.785826,31.405275,7.625149,0.278052,-11.982735,-25.121309,-13.986515,-26.969387,-3.20755,-8.166075,1.730306,11.188128,-1.568714,0.782176,0.584334,-13.794912,17.782563,0.809678,2.801364,-0.012458,9.568768,0.775783,-7.374254,-0.671562,1.572699,-3.443027,51.689795,31.574848,12.817144,15.051872,-7.4023,-12.07812,-4.348774,-6.237361,-13.170051,-8.793945,-7.638052,20.385258,7.311091,-14.896872,26.588472,19.257051,-9.242973,7.004897,-30.322694,-6.215452,27.697322,11.192732
-9.856506,-14.604026,8.414505,15.127231,-1.756557,0.987736,0.032707,2.747707,4.238057,-6.637411,-3.565442,-2.602229,-19.344847,-6.634346,2.153639,-3.525509,-5.461176,-3.86069,-6.225753,-2.569283,-12.39772,17.998166,17.595312,21.22722,-12.93815,2.610352,8.009958,16.436127,-12.139868,-8.411892,-14.136687,-16.419393,-24.872975,-34.318392,-21.869734,-38.97556,-3.791336,-20.041327,-13.291863,-4.34676,-34.158214,-44.072001,3.290735,17.283882,7.219069,-3.02412,5.94789,-3.832752,1.454856,-10.913659,11.256567,-8.260577,-12.035434,19.723991,-2.615516,-0.189668,-14.388276,-14.176696,-28.435014,-25.81791,-41.077927,-38.685014,-31.815587,-33.388136,12.003707,24.294127,-13.636225,-11.284094,10.080421,6.910204,6.865175,10.930957,-21.635278,-14.794764,-21.576156,-19.241509,8.374418,4.582492,-0.318642,7.149089,-7.279009,-8.567251,0.307338,-14.043822,22.090673,2.506117,3.152102,0.120118,11.632326,2.186599,-9.050801,4.28345,3.75865,-0.137587,26.640634,-0.289586,17.237195,4.234055,-4.08201,-13.994141,-0.601765,-4.579403,-8.208691,-7.734169,4.3767,2.08394,6.305079,-2.938796,32.120229,4.072938,-15.562423,-14.316556,-17.292701,-9.69491,31.851028,23.245907
-18.305898,-22.252689,11.393072,20.370929,0.70992,-0.435687,5.853701,9.508303,-2.231722,-2.411604,-6.178228,-9.481604,-27.889603,-14.716373,-2.569145,-1.943853,-11.583484,-17.148017,-5.452392,-17.131776,-20.243386,-18.949347,15.257643,16.036924,-7.98082,-14.779818,-2.1253,-1.134889,-27.082156,-7.300027,-6.150068,-23.896289,-36.8653,-69.774396,-8.525607,-51.135277,3.596262,-18.701477,-12.577481,-10.953682,-32.609932,-25.974681,-2.580271,-6.702107,-6.934638,-24.199098,6.790719,-13.280449,-15.796296,-20.248353,-1.076103,-8.953334,-25.840497,9.603346,-8.356905,-9.951987,-25.110342,-33.650904,-50.46081,-48.14821,-47.93276,-48.571521,-41.421917,-48.210062,10.825101,15.474768,-22.86084,-16.200045,-10.586156,-41.650853,6.275031,16.450269,-29.323462,-3.025666,-17.497502,-0.423523,9.446147,8.815331,-17.193009,-9.622189,-20.870743,-16.59441,5.013019,-18.21228,18.839965,4.000526,3.975604,0.12854,9.026354,-1.947525,-11.916253,-0.636975,4.017854,-0.561637,-34.678415,-28.06375,15.741528,-15.598266,-8.31423,-22.031041,1.108724,-5.994784,-7.341571,-5.197663,15.767874,36.593057,3.235178,25.097165,9.626011,-24.736833,-8.490796,-29.634637,-10.094741,-16.891959,-20.742643,1.454888
-23.721705,-23.191835,12.389099,18.208275,1.117045,-3.028617,7.971764,14.361872,-6.114832,6.59759,-3.122156,-4.613617,-24.519409,-9.122737,-4.13601,-0.458949,-11.759391,-24.921418,-8.121712,-27.231122,-5.891531,-45.555886,11.838034,10.863507,0.729912,-22.603479,-10.648092,-13.008052,-31.674483,-4.327151,5.263846,-18.738996,-34.141061,-81.525706,0.128207,-54.006357,8.349702,-13.254415,-2.471124,-7.968638,-21.320625,-10.5,-11.639856,-30.361628,-23.692855,-37.872665,3.643354,-16.403587,-25.993088,-25.206742,-6.869855,-9.512058,-34.472654,-5.430426,-8.112083,-14.460287,-23.800397,-42.755461,-66.149168,-60.63401,-38.340917,-41.267857,-36.546125,-44.249897,2.654417,4.784067,-31.855401,-2.396382,-28.674851,-93.140137,8.580035,13.21809,-24.358086,3.909918,-6.976141,21.732801,3.161661,3.806591,-29.570191,-26.121928,-30.834898,-17.350961,10.740276,-20.141514,10.304537,4.274996,4.531587,0.416931,2.810499,-6.289804,-11.179865,-9.334775,2.841739,-2.988139,-81.463786,-28.749574,10.159938,-28.054722,-13.212995,-27.723637,-0.377886,-7.519127,-8.957799,-2.094779,21.305259,86.570221,-1.206038,34.447795,-21.072665,-41.293595,11.263948,-26.359426,-8.203131,-23.868115,-68.133685,-29.583314
-21.11919,-16.011167,12.528127,9.702216,1.509703,-3.288772,6.790858,12.622608,-6.874006,9.310108,4.03015,10.989428,-9.532866,4.768378,-3.228271,-2.338194,-8.000206,-16.193023,-11.994658,-23.998512,11.773783,-39.481835,7.320022,11.475427,-2.489133,-12.509404,-8.427363,-9.020634,-23.773161,-1.344635,8.005175,-4.65301,-19.012295,-58.507412,-0.604727,-42.560875,4.211486,-8.442212,4.4617,-1.356676,-19.023522,-12.163613,-16.651838,-33.434677,-28.465981,-33.88952,-2.312447,-11.714909,-17.298928,-18.756361,-1.048563,-5.886489,-23.207028,-10.113793,-2.748026,-9.028407,-11.089499,-34.595749,-55.624424,-48.145391,-14.527473,-24.278594,-17.322169,-24.605766,-6.564607,-0.078607,-33.061395,20.460257,-26.457706,-112.074653,10.820177,5.287133,-8.569484,5.793286,-0.725157,33.221343,-2.222455,-1.584377,-24.710926,-28.948508,-28.9313,-13.243066,10.901265,-15.194748,0.634511,3.137176,3.882452,0.926552,-4.108312,-6.240389,-4.196271,-11.07549,1.147577,-2.779574,-70.942744,-7.126304,2.662856,-21.058783,-9.954071,-21.666735,-3.305317,-4.765033,-8.178061,1.057208,18.40519,92.074712,-4.409536,16.37659,-30.582903,-25.813154,30.363168,-9.351129,-3.442271,-23.328698,-50.869619,-33.934566
-12.131208,-5.815735,12.992699,1.402617,3.811485,-0.091528,6.90002,6.902314,-4.467503,2.545597,5.245518,21.760154,3.908857,11.982575,-1.801342,-6.54582,-8.779001,0.589132,-11.49878,-9.681734,14.217687,-11.506142,2.826619,13.932993,-15.846377,4.088453,3.21911,5.056886,-12.481046,-2.487466,1.630155,4.065993,-1.685035,-17.438412,-6.878753,-21.0704,-7.846241,-5.928398,1.058898,0.983696,-28.824539,-25.836338,-16.419621,-18.737687,-20.690022,-20.581954,-10.525738,-6.356431,1.56801,-6.396856,7.843248,-0.019968,2.849026,-3.214458,0.166011,0.454026,1.961454,-16.24863,-20.947439,-20.263705,9.616192,-8.822199,2.286646,-4.365264,-9.157391,0.093606,-25.098084,32.286536,-7.259025,-89.039357,7.672577,-3.937631,5.568961,5.216586,-2.930662,26.1565,-3.587821,-3.120798,-11.307274,-19.641484,-18.927782,-10.472257,3.769229,-6.093874,-7.511611,0.129551,2.235036,1.14961,-8.76309,-2.596839,4.58903,-4.353358,-0.357532,1.679958,-12.881184,12.788225,-4.921326,0.242553,0.601293,-5.403085,-4.733353,2.727474,-3.814511,2.270848,6.05155,30.877281,-6.261954,-7.307043,-11.537206,10.209675,34.664385,6.756849,7.481975,-15.991069,14.47293,-8.54383
-1.466941,2.174785,12.944652,-2.154867,6.49959,3.540617,11.61371,4.493457,1.300357,-4.538562,-3.666412,14.82317,4.659307,4.47346,-0.862037,-8.124373,-16.35888,9.557988,-3.48781,5.465566,2.8042,6.246487,0.51786,9.344254,-23.063488,8.625664,12.643745,13.119964,-6.737004,-7.371811,-1.775922,0.103986,10.932633,16.44375,-10.576081,0.8406,-17.895784,-2.814279,-4.91737,-1.231495,-30.834213,-30.95595,-14.559637,-5.578967,-9.862242,-9.059066,-17.075606,-4.381823,13.135365,2.518649,8.305315,1.136225,24.209766,2.195821,-4.42944,4.514672,7.046317,-0.762748,17.607388,2.985439,22.621966,4.01077,10.228132,5.48933,-1.290277,0.050407,-11.072033,26.583742,9.266779,-48.555403,-1.919991,-15.390799,9.352536,4.112431,-7.193048,7.981313,-4.401195,-6.097376,-7.580435,-13.160855,-11.339524,-10.245947,-4.994955,0.267815,-11.876395,-3.97689,0.865406,0.541172,-9.290108,0.567924,7.924298,2.309452,-0.942651,6.698536,40.393512,14.962858,-9.535189,18.072241,9.270603,9.628232,-3.58967,10.110808,0.598525,-0.557116,-12.586483,-57.600949,-10.080906,-14.381261,14.675422,32.366378,24.461219,14.595816,17.902518,-11.440345,55.979574,15.029246
7.533356,7.248136,11.127533,-2.226425,5.478115,3.222206,18.951568,8.92093,8.128209,-1.899389,-13.149408,-4.948337,-3.877022,-10.85137,-0.74914,-4.414217,-21.538853,5.849908,8.7752,13.355618,-7.231384,-5.733687,1.17153,-2.963796,-16.012288,-4.627176,9.53003,5.668428,-7.360314,-10.222054,5.974263,-7.844852,18.345829,31.155691,-7.186106,15.76815,-15.996783,3.416681,-1.22297,-2.017328,-9.182449,-15.453323,-13.683122,-6.357155,-2.886855,1.023713,-15.553271,-0.588211,10.659323,5.742446,-0.5176,-5.575408,27.648882,-3.853906,-12.11649,1.043028,5.725586,4.945212,40.282573,13.811034,24.037895,18.715979,7.194709,5.697088,14.595065,-2.705809,4.680672,17.786668,9.013259,-19.559827,-12.138468,-28.014267,6.466591,3.487894,-5.116301,-4.025896,-7.299081,-15.286457,-18.599952,-20.114484,-11.759943,-8.358973,-8.283685,0.095347,-9.621407,-6.146839,0.570959,-0.900766,-5.606607,0.997601,4.432763,2.403656,0.409324,7.431199,45.491702,4.919721,-8.453961,19.281007,9.929245,14.559134,-1.726865,11.694062,2.20165,-5.860711,-27.28741,-106.692728,-17.359226,-6.981766,21.475991,18.106933,13.676577,19.051117,20.345852,-16.100066,35.531716,12.443249
12.909499,10.71335,7.83169,-2.853617,-1.071168,-2.22737,23.095955,15.182823,10.897403,8.344571,-10.099094,-19.905156,-8.780286,-20.626029,-2.392813,0.680888,-14.339107,-2.062098,17.03919,13.443957,-7.820657,-35.80451,2.424122,-12.145562,-6.406582,-23.970947,-4.433367,-10.826773,-10.447223,-7.44014,17.15946,-7.053024,20.937857,29.952018,-0.299926,20.647629,-3.418851,9.550745,11.580816,1.561751,21.411274,9.011328,-13.496761,-15.921252,0.674292,14.052174,-5.2008,10.184674,2.258814,6.763639,-9.0962,-14.709003,17.307735,-16.146778,-13.545082,-3.579352,3.347864,2.93538,40.702971,19.611754,19.345976,31.424408,1.427238,2.268592,30.013616,-6.271365,16.78226,20.922776,-3.844078,-8.311734,-14.796747,-33.344809,5.58464,4.007072,3.284007,0.669714,-9.017085,-24.758302,-30.806611,-33.319578,-16.682793,-3.503326,-5.178986,-4.653766,-0.781665,-3.846366,0.597421,-2.340794,0.155777,-0.139276,0.492253,-0.427761,4.244486,3.540095,5.98165,-2.507917,-3.574806,6.800881,5.828535,11.482083,-1.537412,6.680076,2.646048,-8.049384,-25.941659,-82.095724,-23.162977,-3.354953,3.93797,-19.715276,12.920483,25.314985,16.866914,-23.696717,-6.593032,-3.16159
12.571922,11.350977,3.883856,-6.158848,-9.362954,-9.21297,19.670403,14.268686,6.804241,13.758726,5.750051,-18.818072,-3.166185,-18.768402,-6.400793,0.689658,1.843384,-5.747124,14.377218,9.270206,-6.591195,-56.307526,0.621045,-8.485456,-10.343126,-33.972009,-17.632346,-22.098322,-14.078473,-3.451163,17.464041,2.060231,16.655582,19.434546,1.992391,14.641411,7.236075,8.601929,18.963538,4.837805,27.855151,19.884515,-13.690783,-23.008559,3.044927,23.322143,4.383828,21.365972,-1.945728,5.875602,-10.282963,-18.07785,5.55474,-22.321493,-5.663652,-3.716032,0.661831,-2.076506,25.08495,26.929859,11.431057,29.544824,-2.483786,-2.038967,33.942099,-8.311285,19.569328,29.777214,-15.199043,-3.626885,-6.920436,-22.469916,7.671941,4.867557,9.854786,15.343706,-4.731791,-22.816655,-28.894567,-35.584636,-19.844554,-1.694468,-1.35925,-9.833244,8.022091,0.86615,-0.422596,-2.540197,4.256394,-1.023198,2.37128,1.338199,9.292575,-0.359208,-38.459917,-2.263183,-1.500063,-5.916538,3.666108,8.348436,-2.710678,0.039132,5.109326,-3.063036,-6.902172,-11.743164,-19.885087,-12.027161,-18.861996,-46.120004,17.000053,27.616416,15.851154,-21.550517,-7.420677,-1.393086
6.23042,6.392273,-1.429144,-11.375984,-12.828168,-12.570088,9.619408,2.397229,-0.04369,6.192027,20.410362,-7.794343,7.263936,-9.931972,-10.714625,-5.344322,11.493517,-6.261607,1.509383,3.050191,-13.719049,-53.087142,-5.406317,3.320981,-25.889957,-30.074257,-20.701714,-21.72634,-17.96567,-5.514303,4.913206,6.654157,5.365996,3.494105,-4.079099,-0.389914,5.000685,-1.916702,10.113701,1.469942,-1.173221,9.861671,-15.340324,-24.638498,3.754582,14.895672,1.655378,18.998714,-1.038504,-0.816708,-7.735335,-13.942341,-1.909529,-18.997721,4.099845,-1.349365,-4.686828,-7.762455,5.592516,31.089503,0.981982,8.566999,-5.768967,-7.120974,20.314548,-9.105702,11.994247,23.360488,-16.782064,0.532904,5.761476,0.923087,5.284238,3.177626,8.186666,23.65463,4.306508,-6.98389,-13.175561,-20.670174,-19.417018,-8.854479,-2.102355,-12.898437,7.274596,1.936803,-2.535972,-0.904878,3.640467,-1.599553,8.315051,7.641293,12.36702,-0.017529,-53.617819,-1.812959,-6.587294,-9.57994,4.455084,8.388962,-2.191238,-2.479617,8.941754,6.052418,15.322965,41.033605,-6.490237,-22.205344,-25.353102,-39.299395,12.221682,15.322362,19.507796,-5.957192,35.813599,22.877812
-1.343231,-2.913995,-9.431374,-16.904964,-8.810641,-10.338763,-1.753644,-14.557237,-2.243458,-8.730526,22.15789,-0.858147,13.397023,-1.247844,-11.073716,-10.912668,4.420424,-8.351131,-12.691533,-4.540157,-26.154238,-36.978192,-13.223059,7.972103,-33.939029,-19.212112,-14.936374,-16.404533,-18.427519,-12.95654,-7.216022,-0.643081,-6.612996,-12.160021,-12.770256,-16.781574,-7.1349,-15.055846,-7.518762,-8.055679,-36.771056,-5.026327,-18.015444,-24.74523,2.865304,-10.742401,-12.585545,-0.576084,0.058479,-12.057552,-9.740296,-8.051667,-7.941673,-14.25324,6.324926,-1.833899,-10.464761,-12.662172,-5.144649,25.171979,-7.297366,-16.557467,-8.789304,-9.893502,-5.030943,-10.097446,1.44634,-5.809888,-10.884718,-1.507982,13.007755,19.39956,-5.186968,-2.957104,0.697631,17.481917,10.562408,10.44341,2.552733,-2.406003,-17.596894,-20.534003,-6.49627,-12.510605,-5.479736,-4.389252,-4.049346,1.724572,-1.457788,-2.411606,10.790994,10.154703,10.582147,3.552498,-37.836596,-7.828007,-14.567668,-6.215589,3.441597,7.959884,2.080105,0.061891,9.785813,11.172277,21.880646,36.07649,8.167493,-19.36934,-12.180066,-10.299291,-5.963151,-10.466227,19.851027,12.422048,63.38356,42.172979
-2.563558,-9.667531,-18.649271,-21.366406,-1.80369,-5.215746,-9.241712,-25.828991,1.806622,-18.285261,15.644669,-2.74273,14.014701,5.442312,-5.505449,-9.429397,-10.960988,-10.241737,-17.971083,-11.297642,-30.385294,-27.783335,-19.698453,-2.739997,-22.35399,-9.848925,-8.291253,-15.877443,-9.287526,-15.538872,-8.293072,-10.854387,-10.633884,-18.180429,-13.401331,-22.692256,-15.00613,-19.7484,-15.820876,-16.033355,-38.918372,-4.803349,-17.818306,-23.228839,4.685047,-30.099055,-23.113693,-22.312822,0.342103,-16.911078,-17.38023,-5.92128,-13.790039,-14.386042,0.692503,-5.169707,-9.49586,-13.768074,0.109279,13.822488,-5.598053,-23.919937,-8.004343,-4.956023,-26.333306,-11.165566,-1.307518,-37.686068,-3.288301,-12.425097,8.65579,17.915643,-15.268963,-10.206403,-5.024009,4.752653,8.367258,14.828991,7.275958,0.354493,-15.527407,-23.937234,-9.518701,-6.864779,-20.873604,-14.521245,-3.425081,3.453076,-7.346002,-2.396579,6.26011,3.52935,4.297887,5.2475,-12.785319,-16.160782,-15.962493,-2.865881,-1.697971,4.172748,7.869807,3.403923,5.508284,7.61917,9.439402,-8.514523,13.519247,-3.30636,5.758697,11.664686,-26.969559,-32.292787,9.944386,20.320528,34.287843,34.023234
4.792305,-7.764517,-24.146647,-22.947418,0.853685,-1.373156,-11.409918,-24.960196,5.070235,-16.547448,15.137443,-5.036167,14.438855,11.767526,2.175284,-2.343796,-15.803194,-5.098194,-11.431556,-13.911932,-19.976897,-31.469805,-24.068151,-19.694248,-2.456583,-4.975302,-5.270624,-20.435136,9.426961,-5.456368,-5.172207,-10.253752,-4.95732,-10.37071,-1.025969,-11.21317,-8.872764,-11.647851,-7.186236,-15.4856,-0.892564,11.1832,-11.357942,-14.549225,13.296923,-19.355977,-16.184914,-26.798283,3.626474,-5.583026,-22.714607,-6.720623,-13.690806,-14.617546,-3.983747,-5.426145,0.474555,-9.266259,16.656474,10.949357,6.809625,-8.575612,-1.801641,7.619225,-30.502283,-10.926809,6.797944,-44.741277,2.57636,-21.956873,-3.847331,-0.015061,-12.82965,-11.33986,-5.111157,-1.648961,0.338572,5.293579,2.488458,-13.66756,-11.827543,-12.667848,-8.749833,4.334656,-26.034166,-20.59929,-1.308186,2.776048,-10.014433,0.205037,-0.096939,-6.606121,-2.432811,1.710343,3.312968,-17.320412,-6.955457,-1.989201,-6.371395,0.273046,10.180656,3.009337,-0.040738,-0.628314,-4.856366,-39.276363,8.298409,13.152249,11.870931,9.743712,-37.439549,-32.605194,-4.296727,16.372975,-16.052498,11.990592
12.946404,0.604741,-22.067949,-20.016384,-3.5219,-0.344317,-10.600061,-14.938152,0.583743,-8.827595,24.513273,0.689702,16.062672,16.25115,5.230396,2.117921,-2.465539,7.48801,-0.213542,-12.54631,-5.089092,-35.620869,-27.267315,-26.832288,3.980198,-3.725652,-3.373321,-20.913272,26.408003,10.775683,-12.869964,0.224213,2.919254,2.395776,17.439222,11.57731,5.604852,2.10834,6.536982,-7.038045,42.89734,24.227714,-1.609151,1.219852,24.541615,15.518204,3.531362,-12.259266,10.272059,16.090976,-18.968234,-5.996039,-2.579359,-7.445091,-0.957228,0.468593,10.242205,-2.671472,28.711544,23.081183,18.215765,11.647907,4.534752,18.969019,-19.324074,-9.225202,17.080281,-23.389736,3.995358,-18.876312,-14.110273,-15.965258,1.936526,-3.178481,-2.662598,-0.109608,-5.911572,-5.208638,-3.63567,-25.198625,-6.138827,3.239812,-7.121329,15.810325,-18.344369,-19.070417,-0.059754,-0.146843,-8.801322,4.506591,-1.139209,-10.072121,-5.213177,-4.837455,8.883808,-8.958627,5.13693,-0.780854,-4.900113,0.635983,6.585903,-1.212934,-1.204624,-5.728733,-2.468951,-26.239154,1.288375,19.319207,1.955793,-6.786112,-35.792104,-13.260172,-8.984362,10.406623,-20.394344,6.251805
11.022203,6.419804,-14.49913,-13.783013,-10.424267,-0.47912,-10.071466,-5.141525,-8.476902,-3.189406,29.523547,10.492934,12.811089,13.818184,1.085678,-1.534413,15.595097,16.982504,4.901025,-12.356139,-1.560726,-25.434994,-29.027023,-20.141763,-8.685838,-5.274687,0.728327,-10.77862,27.240629,16.749377,-32.204096,4.104833,4.882958,5.664872,28.348138,29.936502,13.642673,9.574771,8.157621,2.341011,54.205502,17.895398,3.232162,12.667747,27.180057,40.389081,16.058634,2.519898,13.736432,29.010219,-9.139629,-2.296312,14.345404,3.197974,5.919749,6.761784,7.692893,-0.342473,23.034762,40.146891,15.101968,17.018597,4.342809,19.918201,-7.690574,-7.618748,18.697,1.033247,-2.622795,-7.963245,-13.609917,-16.693559,13.573257,7.559628,-2.595287,-1.309233,-6.410722,-5.797353,-6.493294,-16.120955,-1.085897,6.354398,-8.593338,17.751213,-8.701342,-14.66861,-1.108359,-3.564707,-6.699607,6.248171,2.462018,-5.064771,-3.571513,-8.963752,10.560287,0.688201,9.36261,1.578215,1.151641,2.797475,0.478611,-5.293196,1.982218,-5.32404,13.07329,3.268118,0.760529,15.202131,-15.958762,-16.673394,-31.382036,5.285166,0.435796,9.030453,27.549551,18.384511
-2.177742,3.945195,-7.9848,-9.034527,-13.202676,-0.064768,-11.262531,-3.264522,-11.271008,-1.478552,13.910542,12.661643,0.46222,3.139679,-5.618268,-9.456368,18.243472,12.871279,-0.657617,-17.345452,-12.460839,-0.587275,-27.452753,-12.24924,-23.153529,-8.521042,4.810871,4.465567,9.15908,4.333274,-44.629322,-9.984153,1.465313,-3.344434,23.218007,31.636947,7.792198,5.276944,-4.941254,6.143531,29.734527,-4.589318,-1.061315,8.796523,15.243976,29.439624,7.947649,-0.410394,8.950633,20.994695,-2.028567,1.670367,24.787099,3.619839,7.123287,4.990964,-6.599666,-3.338695,4.359468,45.994855,-1.143687,8.570394,-0.438363,12.357139,-8.284237,-6.856383,11.274447,2.001688,-16.568076,-5.614882,-2.817835,-6.885683,7.581214,9.440575,-5.470265,-12.485555,-3.943953,0.461334,-6.241491,8.799339,1.409333,-8.23043,-12.591238,4.600985,-9.398988,-14.44736,-3.223266,-5.438393,-6.781415,2.064557,2.484866,-0.628298,-1.46821,-7.674655,10.724111,2.120708,3.380978,0.526337,3.97104,-0.695884,-1.853536,-5.732922,2.763251,-4.875681,16.971805,-5.28466,5.569065,6.279007,-31.004179,-9.829611,-30.979229,5.545665,11.643149,6.833363,53.846964,13.365748
-14.430076,-2.100805,-6.392594,-9.814195,-9.736395,0.218297,-13.163464,-9.088807,-2.91925,-0.592728,-18.815567,3.428105,-13.92414,-8.068337,-8.183178,-12.385089,1.60766,-1.570268,-11.196281,-22.937628,-23.623635,24.912326,-22.059102,-16.881025,-20.184614,-10.018386,3.701131,12.107841,-14.169775,-15.011683,-33.468222,-31.872371,0.122457,-10.321969,6.087493,18.174136,-4.045236,-5.206082,-18.524632,3.329162,-0.549319,-24.987614,-7.88406,-4.974184,-2.76178,-4.839461,-11.53726,-16.61354,1.302989,1.581111,-1.257601,4.087432,22.526356,-11.288952,-0.121701,-4.606368,-16.659533,-4.400343,-6.496396,35.573409,-12.689595,4.856822,0.606137,8.645397,-18.870688,-5.180995,4.744259,-20.290867,-27.597877,-17.018829,9.845227,0.180962,-11.866688,-1.065474,-7.436402,-25.137275,-2.383373,3.277223,-1.65039,26.279864,4.424072,-25.041533,-14.224174,-16.384543,-20.080685,-18.580346,-3.868794,-4.738447,-8.565091,-5.673682,-5.871083,-4.897848,-2.837115,-2.962714,7.760123,-4.539413,-4.174412,-7.299748,-0.39883,-11.051184,2.458416,-2.835159,-4.405252,-9.666137,-8.755628,-67.965384,8.699552,-3.612188,-36.476932,5.396299,-30.322585,-8.600047,9.356658,-4.606924,-7.869679,-34.273114
-11.708364,-1.514014,-6.419225,-13.79082,-3.350485,-1.195819,-13.448831,-14.953109,7.777316,0.452524,-44.873281,-6.679783,-16.813194,-8.435594,-5.307008,-5.232505,-16.600502,-10.739028,-16.28029,-17.987745,-17.779153,37.504529,-15.623807,-31.811302,-0.539216,-5.948533,-2.569966,6.228827,-24.277117,-20.468185,-5.639138,-39.50517,4.96295,0.451839,-10.266356,2.277377,-7.675587,-11.15836,-18.131477,-1.910843,-8.227653,-27.833055,-4.979102,-9.181678,-11.019914,-24.847794,-19.265408,-22.903552,2.026129,-7.837021,-1.543248,7.032538,13.831093,-26.767658,-7.503787,-11.34158,-7.494665,3.866967,5.854341,18.169288,-3.914638,17.288045,13.907722,17.969284,-26.088359,-0.538981,6.130788,-41.97397,-21.86851,-25.243406,15.941184,0.844035,-24.10974,-13.833685,-4.966904,-23.297081,-0.528541,0.825775,11.736299,21.010632,13.77407,-23.015763,-9.840219,-27.834728,-28.133844,-19.183493,-2.106987,-1.756667,-8.405458,-9.822561,-15.866016,-13.889867,-6.682455,1.167359,4.839222,-8.951483,-4.10617,-16.046756,-5.624557,-17.603206,9.938098,0.587492,-15.771132,-16.166778,-49.947008,-132.562736,7.899935,-11.266383,-30.194705,14.999229,-20.277824,-16.975969,-5.035395,-21.315303,-124.918243,-96.867694
6.459255,9.274809,-1.66286,-12.808607,2.164174,-3.39237,-10.042992,-12.422367,7.936057,-0.758994,-43.620746,-4.789201,-3.241189,5.266952,-1.731423,8.343694,-15.470214,-3.170233,-10.345466,3.197802,8.40006,36.334145,-11.158579,-40.601048,18.754947,3.046211,-6.592531,-4.943816,-14.076049,-3.775862,14.663073,-23.970612,11.371739,26.795583,-15.038363,-3.653971,2.006073,-6.556418,-4.091683,-3.615908,7.554209,-11.174688,12.37266,8.229322,-3.520726,-10.001553,-3.063771,-2.68323,13.716873,1.811404,3.441661,12.502563,8.77786,-21.881729,-5.225599,-5.772654,17.121225,18.427498,32.852974,4.946614,20.291071,35.171345,32.398183,35.280001,-20.736853,5.85062,10.228714,-42.805179,3.506797,-9.25593,13.875885,4.041169,-13.424914,-14.534273,1.928448,-3.83124,5.801206,2.9673,35.480658,3.656464,30.5535,2.446771,-1.133984,-16.686529,-23.010429,-9.199722,0.389189,2.385619,-3.597055,-5.375629,-15.245119,-15.513549,-7.60226,3.173359,11.230008,-0.554463,2.812027,-13.747741,-1.585961,-8.007827,14.265345,2.899481,-20.210217,-14.125797,-68.669774,-123.479136,8.660959,-11.147747,-12.748123,14.998697,1.48957,-5.152223,-13.231801,-26.440361,-186.691909,-113.277109
25.218598,21.901065,9.01609,-1.117996,6.628335,-2.791149,-2.543842,0.097788,-3.026975,-4.022343,-18.898479,8.403473,16.212319,22.966637,-1.432656,20.116481,7.646694,15.992712,2.67602,31.664056,40.838644,30.943848,-7.413896,-30.850051,26.544367,11.365866,-1.574618,-6.977454,7.731044,21.449428,13.78921,0.630006,12.309688,49.272813,-7.172578,3.229928,16.191979,5.30763,11.000093,2.103636,27.074133,16.267052,34.692164,36.473706,8.938869,21.459574,25.005755,35.092909,24.643605,17.52805,12.190099,17.28171,8.859182,5.269947,5.838899,8.448704,36.902631,26.83431,49.34573,-2.049856,38.922975,38.87646,42.223999,46.265716,-6.697744,9.718438,6.696826,-24.689451,33.95167,29.760739,8.270553,15.682211,13.455859,-0.053227,10.644353,16.519477,15.956693,16.810007,63.146287,-1.173572,47.526992,34.232168,6.638904,12.721931,-7.607446,8.723401,1.349314,6.239313,4.266069,4.853948,-0.637215,-4.480799,-1.991946,4.614732,31.43504,20.459093,7.653275,4.150278,12.826523,15.668476,12.148173,4.940416,-10.333773,1.684042,-40.479603,-20.58979,15.081233,-0.308653,12.031919,13.126065,27.235031,20.912014,-1.688167,-8.414642,-122.419858,-55.956156
28.962824,24.099546,18.687874,16.85327,11.698922,2.602217,6.575049,15.051723,-11.155585,-3.669668,5.881773,18.695232,25.943404,29.511126,-2.313036,24.104864,35.587267,30.965295,13.383291,49.384562,59.049572,29.2052,0.144849,-7.698946,28.323853,14.522877,9.855879,5.669948,26.566742,33.687705,3.333963,14.132971,7.511479,51.469732,5.431076,15.962425,21.786071,15.384651,16.124831,14.020757,33.636383,42.205197,46.384827,52.436252,11.011237,35.575671,41.206375,63.548298,21.01131,20.614351,16.752121,15.130194,6.909537,31.674742,14.295626,17.248623,35.951458,20.423422,40.449212,-7.312172,37.763901,24.003128,38.302323,42.703624,5.444229,8.31564,-5.408238,-3.647042,49.145117,66.426817,3.731998,26.512749,33.364784,17.474824,18.08754,18.150522,21.802227,33.298355,84.013361,16.457289,54.474256,50.174721,9.565011,40.591994,5.994138,23.651606,0.410455,8.261688,10.342428,12.33512,16.657952,10.188054,6.759674,6.727658,55.472523,40.946864,4.51933,26.234151,25.974639,34.960868,5.38852,7.595564,8.855306,23.121769,17.754644,110.072854,21.218082,13.734057,36.139251,17.323754,45.752502,41.676737,20.105262,22.764989,18.531333,32.957452
16.629564,12.232853,18.752938,28.478717,16.301972,9.482173,11.970387,21.152985,-4.415104,4.549989,12.73051,14.872046,21.452423,18.627346,0.53526,19.246262,49.369231,32.159118,14.919979,45.418928,50.38593,29.705728,12.267739,11.858445,33.224516,14.413906,17.470195,23.350338,34.143217,25.326512,3.159112,12.222708,3.112829,35.638241,12.754711,24.009755,13.781359,16.446189,10.019775,25.009532,25.125522,54.768501,40.405864,45.679243,0.249015,21.442071,33.957393,62.853297,3.383249,8.894019,12.157282,4.918783,-1.099327,32.82078,10.903575,11.191414,18.721466,4.374527,17.242087,-12.980848,23.864067,6.244845,29.008638,30.183163,10.03338,3.810115,-15.130538,9.050631,41.7591,76.236619,0.737231,21.8134,30.075567,23.028878,21.208831,0.956515,15.365013,33.948289,90.894986,39.807252,46.822778,42.832507,7.493835,47.932879,10.039657,26.424147,-0.893389,7.189422,10.915204,10.929509,21.426266,14.668127,10.647318,7.824219,64.380127,43.860439,-2.978189,33.724572,24.451432,32.389885,-2.053766,9.295243,23.430525,34.044505,60.376351,170.194138,16.39373,16.532372,49.887534,25.517424,49.530021,42.506318,27.987859,41.98946,117.334384,82.446669
1.4491,-5.535277,7.614617,23.951511,16.137637,11.527993,8.177406,12.59793,11.544434,15.313984,5.397242,1.665938,12.363777,-1.366856,7.267904,8.197122,44.642369,24.247573,7.507297,25.64318,17.889116,26.050972,21.264659,15.667589,37.481322,16.273816,14.567408,30.307172,31.554946,8.602038,14.663735,6.379453,2.417334,16.139183,9.333134,20.52234,-1.923267,8.548651,-2.034796,25.843517,8.02509,46.755235,24.123678,28.426669,-10.905747,-0.298435,13.444548,36.535522,-13.066236,-2.212226,1.865164,-5.803886,-8.546556,10.027609,-0.970617,-4.020253,3.240953,-8.041959,2.840878,-17.196515,14.737957,1.783655,23.821893,19.875057,8.546416,0.804878,-13.28754,12.346214,22.615817,57.504865,-2.068863,2.007735,10.040053,13.651574,17.421404,-14.752885,-1.157874,12.043934,82.113856,44.0812,28.314838,22.346814,2.555463,31.974305,7.367886,17.16888,-1.405166,2.753273,6.615729,2.644489,10.48442,5.827067,5.360354,5.221213,47.189392,22.279667,-7.160224,19.078742,7.382996,10.138482,-7.624429,7.290395,23.062158,24.979555,54.963414,117.073332,-0.250005,2.472399,47.31798,27.508389,36.778756,24.519523,10.173068,33.455111,109.390162,65.443218
-3.509007,-18.207387,-7.692162,5.542993,8.756343,6.2296,-5.499982,-5.625592,18.504708,17.160512,-0.054054,-6.58273,9.662172,-15.585373,11.753234,-3.769863,30.469451,17.650888,-3.423643,5.585209,-20.868438,16.622853,16.64859,5.321995,28.664097,20.634152,5.35381,19.710603,24.061017,0.666212,18.94197,4.50475,0.884666,1.442103,-3.055498,7.264868,-15.243219,-1.110633,-14.004054,12.778264,-10.422409,22.763817,11.084842,19.459892,-10.545406,-5.939743,-0.806307,5.357596,-15.395497,0.071357,-6.83359,-7.693401,-5.409109,-10.066889,-9.132435,-13.500845,0.63377,-10.509241,5.927513,-19.793289,16.428557,8.635988,20.3564,15.339452,2.42187,0.66864,-4.69969,6.41793,7.182597,26.206717,-3.375359,-13.392531,-5.627319,-0.412412,6.970076,-10.934359,-15.188145,-16.809264,57.262777,24.076212,6.29828,3.124295,-2.936446,6.583501,4.618217,3.073955,-1.812146,-3.828613,1.524153,-4.739786,-4.131845,-5.467375,-4.496824,-0.60268,11.380477,-12.905364,-5.703587,-5.503338,-11.733665,-11.437284,-10.53088,1.551989,10.07004,2.460799,11.931085,-0.181843,-14.911561,-16.026604,29.691893,15.820379,11.634487,0.391419,-18.151556,6.651694,41.448778,20.76117
2.41105,-22.199484,-18.106972,-14.201396,-1.986885,-1.518857,-22.12295,-21.25155,6.789308,6.004514,3.393263,-3.536321,13.098325,-15.969152,8.79933,-9.669504,16.171682,15.522854,-12.285677,-5.182082,-43.190236,7.730197,-2.860003,-9.526432,5.467455,21.139729,-0.273082,-0.438624,15.731362,5.827668,2.490749,-0.024865,-6.981537,-11.592175,-16.826706,-5.098458,-19.228163,-3.683245,-20.116819,-7.402594,-22.773468,0.596143,8.445871,22.52566,-1.065894,3.66793,1.348779,-11.444714,-6.651694,10.405088,-10.730589,0.36629,8.637027,-4.107299,-5.863228,-8.718727,5.188459,-9.628353,13.596809,-23.867917,17.791422,11.750052,8.679332,10.353572,-10.266478,-0.043209,-2.300998,-11.741777,-0.028816,-4.947355,0.359372,-6.731753,-3.271732,-8.130964,-5.025422,7.98424,-15.085598,-28.942439,16.246183,-0.841306,-13.369659,-8.376355,-6.708631,-11.23986,3.199422,-9.144934,-3.405738,-10.2683,-0.537774,-5.30191,-8.382871,-6.736325,-9.700333,-5.210667,-24.219611,-39.916462,-3.123029,-19.851168,-17.983707,-14.748769,-10.16445,-3.784824,-3.633227,-16.361061,-27.323242,-88.582237,-13.087023,-20.633164,3.959906,-6.265238,-14.856212,-16.729474,-30.307041,-13.987302,4.709647,2.49322
9.518413,-21.809423,-20.023578,-23.281299,-8.29624,-4.097373,-30.694424,-24.392482,-12.766668,-7.796581,6.831368,2.072293,13.246598,-7.002911,1.148845,-4.752742,3.546331,11.96554,-16.708379,-9.688914,-35.999487,6.264236,-24.370905,-21.247997,-14.928748,12.232709,1.807357,-15.668926,8.330776,13.965173,-22.670313,-15.666643,-17.676185,-25.989357,-22.980869,-3.78239,-12.415878,3.976331,-15.139513,-21.322777,-22.176322,-1.937567,12.76763,25.018693,5.149276,9.320171,14.486278,-9.099267,-0.395466,13.525527,-12.173861,10.00668,21.950284,23.197253,4.487657,4.536214,4.944052,-14.525632,10.574524,-29.339597,7.176801,3.59551,-12.11572,-0.897424,-27.976018,-4.539362,-10.003699,-39.352233,-5.615664,-34.547514,9.172948,15.935571,10.663582,-8.148717,-11.283292,20.740207,-1.602188,-16.889254,-34.226474,-9.191103,-26.671393,-13.335524,-6.395757,-14.792868,-0.018173,-16.991623,-5.8166,-14.384335,1.137493,0.007923,-0.91856,2.74976,-6.056368,-4.544135,-45.517333,-43.779638,-3.667609,-15.605917,-9.141648,-2.40772,-6.225476,-4.088455,-7.915815,-18.599563,-30.55861,-92.83071,2.519256,-8.522285,-21.639416,-27.136868,-27.861287,-20.716856,-16.565928,-14.388791,29.751029,20.029171
9.412888,-21.353507,-16.682227,-19.503032,-5.736766,0.459604,-25.061192,-15.088502,-20.680018,-9.657059,-0.157385,-1.583395,4.24086,0.765483,-3.144977,7.659726,-8.654177,1.925767,-17.376444,-15.397193,-7.183976,10.470609,-30.590765,-27.196034,-14.650108,-2.482829,5.926386,-18.367973,2.290594,13.943671,-31.027291,-34.652483,-20.004596,-34.666914,-16.877627,14.39606,1.683205,15.593433,0.531009,-20.041632,-9.333329,14.230816,16.113558,16.156956,1.891039,1.627194,26.047859,3.450178,-3.787876,4.47165,-13.787004,12.394352,22.652112,44.943147,11.3196,13.423594,-2.345185,-23.431785,-1.137667,-29.231726,-10.80747,-6.961114,-27.771983,-15.080865,-39.61002,-10.267139,-16.742606,-60.380262,-14.584675,-60.696506,16.294168,29.674555,18.312903,-6.247291,-9.233276,13.479578,12.561658,3.314067,-76.4259,-0.472325,-30.124578,-13.685299,-1.238976,-9.328545,-4.900348,-19.963809,-6.797306,-15.119064,4.270868,5.315907,6.896332,12.483992,1.291639,0.353694,-50.985337,-28.956292,-5.887004,-2.72143,3.472496,7.769561,-0.713388,0.60763,-2.700608,-6.06433,-3.034297,-33.784005,12.764467,3.70079,-40.620394,-36.694409,-19.657878,-13.8338,6.461078,-3.433173,64.210021,37.462956
2.41644,-19.811979,-13.74399,-10.372636,2.629651,6.080609,-10.315088,-2.388624,-10.420563,2.336312,-13.502501,-13.648263,-8.795389,1.71331,-0.278746,15.92152,-17.606274,-10.793819,-15.868666,-22.980873,18.242676,10.312599,-15.832635,-26.451608,3.032158,-12.437106,4.360368,-12.782327,-2.733878,4.856469,-13.549776,-37.005706,-8.105818,-28.299602,-2.217007,36.305463,15.172805,19.549628,16.376814,-6.858995,3.81567,27.353205,13.906546,0.387666,-3.418253,-6.969243,27.261474,12.582567,-10.427879,-5.337143,-14.561692,6.72044,10.407977,40.287276,9.158871,11.213106,-7.889326,-24.640002,-7.22522,-17.646768,-20.303529,-8.083851,-23.830286,-23.362549,-32.225901,-10.500469,-10.378215,-56.173946,-22.590113,-71.511788,13.411594,18.296493,9.422478,-5.871806,-4.755681,-5.948235,14.64141,9.539885,-90.94912,7.151352,-22.986844,-10.225118,5.910441,-3.531999,-5.635369,-17.198738,-4.572934,-12.750374,5.830681,5.738278,4.652702,13.078381,3.87267,4.065295,-45.80631,-13.425341,-5.70451,3.416326,7.249844,3.452472,2.047462,5.047482,3.968276,7.661419,21.658935,23.028577,3.371826,0.387721,-48.678069,-34.055666,0.425364,-4.381282,15.198686,-0.240595,48.085136,25.138258
-5.370657,-14.147186,-14.254868,-5.346977,9.903658,5.611216,0.834796,3.772892,5.794222,14.482364,-17.79363,-20.852449,-15.611861,-0.607544,4.698146,9.599121,-17.818499,-17.256919,-12.782672,-26.065679,18.664635,-1.499673,8.429147,-18.592577,16.357468,-11.268697,-3.12869,-7.986315,-6.93659,-6.221841,11.483221,-15.073048,9.450307,-10.919191,10.728009,40.672556,18.457933,8.895241,18.146144,6.201059,4.23653,16.939478,6.937381,-9.728336,-0.042585,-0.643214,16.986812,9.148577,-10.658306,-3.239978,-12.201931,-1.257349,-4.969747,13.542395,1.73013,2.120226,-5.202656,-11.291495,-2.568382,-0.725952,-14.352147,-1.908655,-4.573349,-22.284881,-6.983604,-2.124093,5.902821,-25.958152,-22.539966,-56.176744,0.077731,-7.390171,-9.271898,-5.104984,-6.820526,-18.942432,3.129191,-4.107209,-74.358186,-0.124277,-10.965962,-6.336358,9.954699,-1.488385,1.888817,-9.284381,-0.040008,-8.50202,4.210814,1.163345,-5.849005,5.54488,-0.662669,2.648365,-33.328118,-9.327963,-2.814343,-1.357088,0.178011,-9.689053,-0.673816,4.058766,4.670188,9.86494,16.084941,29.185029,-17.221312,-13.245037,-43.623101,-26.349397,11.241686,-1.633669,4.270783,-11.885288,-11.654529,-4.601331
-9.050743,-5.658207,-16.751258,-8.079178,12.391177,-0.642733,-0.049676,0.557371,12.679872,13.286982,-4.813483,-13.559602,-11.788782,0.629444,4.27984,-9.027869,-8.897684,-13.690335,-7.317248,-20.881624,-3.802972,-19.443498,24.816853,-6.358089,10.70318,-3.645345,-9.40892,-7.523405,-8.630964,-13.681209,20.018255,12.764093,17.089996,0.092275,12.962548,17.316247,7.089613,-11.147667,2.718108,9.639623,-7.001688,-12.287679,-1.682646,-9.675605,11.309764,16.94665,-0.25634,-6.328834,-4.861147,8.387934,-7.345118,-7.172163,-14.889985,-13.821535,-4.143331,-5.316628,0.456633,8.213854,0.535883,6.124074,-3.926789,-2.2463,8.723085,-18.07974,17.22124,9.594416,16.239591,8.506956,-15.324097,-23.641526,-13.895584,-22.392238,-22.143577,-2.581958,-17.016463,-17.248568,-11.982971,-23.705536,-45.389436,-16.0722,-4.12131,-8.018947,8.335702,-2.223057,13.073888,-0.656489,3.809199,-4.028993,0.082536,-4.817479,-13.888624,-1.93827,-6.540606,-1.993034,-15.395434,-11.315312,-1.183255,-8.122876,-9.320548,-16.66282,-6.081309,-1.866372,-0.89989,-0.541599,-15.889462,-11.77701,-25.854287,-17.893396,-26.430366,-20.424706,-0.108856,-8.978805,-10.450305,-26.486721,-53.975034,-18.480823
-7.581445,-0.08395,-16.591754,-14.389909,11.989157,-5.01167,-8.319421,-6.455114,8.822348,1.5417,15.412537,2.242977,-2.272803,6.650571,-1.952345,-25.032331,1.725618,-5.876521,1.582581,-12.116212,-24.84851,-28.317667,26.371401,4.175984,-3.972252,0.795182,-8.847753,-6.858988,-4.591849,-17.145091,9.401231,20.226225,9.017547,-6.539637,4.67136,-20.981028,-12.213937,-26.230879,-15.58174,3.875603,-14.849656,-33.448614,-9.353018,-6.733372,18.021081,25.878308,-17.038267,-24.155332,-2.62019,15.252174,-3.098405,-11.621203,-19.221444,-25.272447,-6.044657,-7.011351,-0.942744,17.600285,-10.878679,-4.734654,-4.065681,-15.96934,0.673993,-19.364697,21.429807,15.67303,11.24384,23.583721,-9.46576,-1.002084,-17.488322,-16.067917,-19.943042,-1.809068,-25.463427,-8.992015,-18.918819,-31.875632,-28.962851,-23.427283,-7.701346,-16.761322,4.130375,-4.03511,18.666761,3.125511,4.652331,-0.805356,-4.105515,-8.515949,-12.48505,-3.919818,-7.3065,-4.42312,1.486809,-6.37843,-3.209066,-7.911705,-12.659379,-11.116877,-7.568876,-7.008441,-7.049496,-13.08913,-45.466313,-57.869634,-11.142716,-6.301992,-2.168707,-15.937606,-23.714727,-20.307828,-11.921093,-27.720094,-39.816436,-6.886821
-1.994526,-0.839743,-9.298203,-16.252554,11.87066,-1.579022,-10.381841,-8.87728,4.876478,-5.169716,24.616264,11.652873,4.471639,11.001672,-6.728319,-25.069189,5.723777,-3.046853,13.201903,-6.987126,-22.768174,-18.269276,20.80383,9.059285,-5.872815,-0.991969,-3.681641,-0.5508,5.624839,-17.25498,-1.288908,4.050063,-4.152446,-20.757945,-4.745183,-48.567667,-24.812353,-25.119551,-18.060793,-3.810332,-8.770729,-26.643151,-14.423619,-8.280952,10.299364,14.661247,-25.939365,-32.558244,-9.660635,8.712385,-0.588883,-15.687713,-22.368255,-20.838979,-6.387435,-4.998411,-10.203786,9.946596,-31.088595,-22.048793,-14.999285,-32.429863,-20.515363,-27.315624,7.697739,12.658745,-0.545724,17.687088,-9.962122,-7.119829,-9.979453,-2.704431,-6.875843,-6.334625,-19.571428,-5.181168,-13.84713,-24.318584,-32.443044,-14.900655,-15.4153,-24.486124,3.08077,-6.723755,15.709294,1.602131,2.841032,0.697242,-5.583711,-8.58083,-5.332808,-2.150529,-3.449632,-2.090725,6.522366,6.630717,-5.979626,-2.58557,-9.528384,-1.286716,-1.66195,-6.545027,-8.311388,-15.834231,-47.538075,-68.63097,11.998864,4.973462,21.15467,-6.986406,-36.207214,-25.050863,-0.416434,-12.894162,4.578094,7.115
5.421672,-4.138051,5.358235,-8.357306,11.469255,6.230881,2.198212,-2.736226,7.661862,2.189232,15.500222,7.792596,3.399384,6.422673,-4.382917,-11.477584,2.019516,-8.698291,23.839831,-5.684667,-1.575125,3.422536,19.201377,10.925488,10.876321,-2.708492,-0.688734,9.559639,15.657132,-12.548499,3.93734,-10.459399,-7.344592,-21.741722,-5.621748,-51.059032,-20.70618,-9.931315,-1.716081,-7.635553,3.068244,-1.047382,-16.150382,-12.086624,-6.659721,-5.843888,-24.023966,-27.650759,-19.832606,-4.85703,2.817991,-16.261792,-25.338616,-10.559356,-7.186976,-2.686513,-16.527165,-4.920415,-40.636556,-26.511972,-22.596284,-35.001593,-32.07946,-34.611935,-2.170029,5.572533,-3.7766,10.401921,-11.330926,-30.102497,-1.893527,-2.784125,5.252401,-12.625073,1.680946,-5.97858,-2.570696,-10.273303,-40.025441,-0.816023,-14.809476,-20.078473,7.113488,-9.728495,11.002707,0.960745,0.78047,1.49647,-3.108207,-5.929655,-1.023802,-1.134765,-1.014558,1.70389,-5.186363,13.060865,-4.889769,-0.882238,-6.145384,1.501586,7.31909,-1.605316,-4.273753,-6.291456,-23.064006,-36.322802,17.899341,-4.613178,35.553588,9.066812,-25.962493,-18.664358,9.599517,5.29953,24.724587,2.368017
9.794658,-2.676584,21.226874,7.198975,7.111107,8.889562,22.927919,8.579325,11.660715,14.431455,-2.041296,-1.59036,-5.529965,-6.812604,1.619816,-0.00865,-4.013725,-17.93168,28.297309,-1.457077,13.452682,17.316215,22.863691,15.178575,27.427785,1.992593,-3.214255,14.695907,15.334087,-3.20377,19.590731,1.327968,1.87641,-3.851235,2.481292,-38.521305,-4.429723,5.929602,17.144713,-7.359387,3.79747,16.29966,-15.360542,-11.511784,-17.733851,-16.583256,-15.861338,-17.20944,-22.010168,-13.589143,9.719421,-9.067306,-24.245027,-2.56225,-6.913552,-0.984364,-10.502772,-10.856161,-30.74982,-12.703441,-17.343045,-20.665276,-22.354587,-33.44219,8.629296,1.042041,4.036342,17.837708,-4.492619,-36.670505,-3.696846,-18.535424,7.795777,-12.367709,23.043555,-3.525809,5.455428,-0.703125,-32.35873,4.14803,-1.046575,-2.320729,11.71468,-10.414392,11.784946,7.172434,0.684621,3.333549,1.889532,-2.361278,-2.710039,-2.149345,-3.332751,1.830284,-24.75966,1.326021,0.509524,-6.157145,-6.794694,-3.505096,11.012757,2.25553,0.891339,6.440863,4.509762,11.855012,-1.055329,-31.582015,35.774236,25.054381,-5.671091,-7.207449,7.500837,13.341332,3.643535,-11.478288
4.995933,6.150361,28.993875,21.68574,-2.682527,1.610346,35.799802,17.50986,7.923579,14.76926,-13.608524,-4.973969,-19.144306,-20.155564,2.661395,-2.605503,-8.753927,-22.726677,23.868243,9.180956,4.120291,10.113838,23.113346,21.871599,21.401726,10.17376,-8.324754,8.151457,0.172561,4.677823,27.65689,32.837774,10.873492,14.110605,10.650507,-32.859868,9.26021,10.349747,21.032422,-5.414352,-9.476463,11.272367,-14.221279,-6.98527,-14.291218,-13.463392,-10.005128,-12.765821,-12.599776,-14.663379,18.374983,4.086953,-15.939439,0.936656,-3.025285,0.818151,3.553491,-1.398362,-15.687712,4.40621,-7.016221,-3.553877,-3.021652,-23.019231,31.591937,-0.707039,9.494846,33.951265,10.950797,-5.877074,-14.630771,-32.534318,0.728918,-3.210664,25.002717,4.826569,4.628252,0.710296,-9.471645,-2.22776,16.055567,16.397589,10.636044,-6.203168,15.464779,17.904386,2.954015,6.799473,6.025094,0.670372,-5.519808,-3.100349,-6.550635,-2.483367,-36.053716,-18.206053,6.473618,-12.058402,-8.855081,-6.918426,5.889404,1.207412,2.743908,10.279361,12.89764,38.183508,-25.378302,-48.337668,20.779756,28.193591,3.162562,0.182406,-3.029466,10.092311,-23.890265,-9.534375
-10.23232,17.223151,24.049201,26.280652,-13.944092,-9.584207,30.958025,18.598252,-2.856639,-0.765358,-15.616526,-0.958179,-31.834304,-24.572119,-4.109411,-14.220961,-14.766073,-18.816403,13.43084,19.5939,-19.806851,-11.84326,13.300012,24.64923,-7.047183,12.313111,-11.226977,-6.54673,-22.350394,3.210805,19.937157,51.597355,6.992426,10.03236,10.175544,-42.944363,10.262057,2.977699,10.018744,-2.973594,-20.472898,-4.542171,-14.167027,-6.698313,-3.076237,-10.062084,-10.595629,-17.152352,1.628705,-15.083065,23.923336,14.402217,-2.773071,0.634533,3.966388,2.451853,11.464884,15.68587,-15.742497,7.229966,-6.427034,1.405348,5.799675,-9.279242,41.831451,-4.702646,0.938205,39.705724,24.534893,48.430742,-24.114244,-29.032364,-9.713345,6.278486,2.68315,11.491305,-3.262228,-3.372569,9.68741,-8.820233,21.015513,21.957101,2.879555,1.606534,12.488457,23.454057,6.200328,10.146894,6.432781,2.621978,-3.635673,-2.705962,-4.690766,-6.737064,-31.090195,-20.607731,10.431977,-11.115906,-6.581019,-1.823653,-2.630909,-3.044237,0.364188,1.607591,0.983631,26.065894,-29.875848,-33.664532,-5.25603,12.704842,-4.200292,2.251063,-11.417223,4.795978,-19.781571,10.642284
-27.68875,23.165477,11.926932,19.574397,-20.173511,-13.781257,14.373274,12.589549,-10.720086,-17.756325,-15.454229,1.908233,-36.07861,-18.67041,-11.321918,-18.715446,-25.399827,-8.147098,3.854866,19.432172,-31.113215,-28.071253,-1.746401,19.608745,-34.736738,3.898048,-10.155916,-17.414592,-37.856093,-7.472722,5.686865,35.594974,-7.40381,-13.961231,1.495439,-55.29911,2.343172,-6.550277,-1.046898,-0.142712,-14.477134,-13.195449,-14.362581,-15.181164,2.06383,-17.941229,-13.414947,-21.788552,12.246545,-19.49983,23.694268,14.610678,8.97833,-1.740904,10.323189,2.610035,4.913576,27.849286,-31.461898,-3.764904,-17.520117,-5.625269,-1.171174,1.047702,27.022959,-12.332523,-15.897046,27.384741,25.657011,89.649705,-23.674609,-11.319629,-16.467943,5.909728,-26.960098,7.7426,-10.974286,-8.974993,10.798723,-5.146394,8.972096,13.354373,-5.979849,7.567853,-0.335517,16.920872,8.333207,10.525123,3.052685,3.795682,2.401344,-2.31986,2.249766,-6.579339,-16.275393,4.870123,13.675649,-4.291942,1.297937,7.56042,-5.89564,-5.702656,-3.433149,-11.372374,-13.184061,-6.601585,-11.079601,2.28088,-32.549524,-11.69874,-11.153791,5.855228,-13.487769,4.481938,10.356137,21.306326
-34.492463,21.532471,4.241045,8.969485,-18.225354,-6.650806,1.389539,5.114472,-9.027874,-19.570631,-18.254886,-2.067373,-26.341646,-8.789426,-9.209663,-7.139623,-36.747779,3.564674,0.216476,7.123532,-15.287495,-23.255332,-9.950192,12.699381,-40.292241,-8.44561,-6.068418,-14.699133,-37.233881,-16.631159,-1.923098,-1.22956,-17.237788,-31.500041,-7.119818,-50.625968,-3.366404,-9.544978,-2.088289,1.79993,1.71325,-14.620863,-13.23876,-25.850131,-4.390397,-30.950018,-12.019371,-17.979047,17.269597,-22.825682,19.715837,7.26102,14.196873,-2.762864,12.605458,1.057479,-9.676898,28.963577,-42.087548,-11.946295,-25.94521,-12.545331,-10.509662,5.016414,2.661293,-16.747756,-24.338879,9.607341,14.333922,91.223728,-15.415679,4.162561,-15.317092,-3.056483,-38.692449,-5.967372,-11.435646,-12.726131,2.513158,7.443964,-8.670506,3.1969,-9.568889,6.756566,-13.128407,2.455454,7.850814,6.939273,-1.376444,4.705203,6.686536,-3.189067,7.69166,-2.937418,-1.807307,38.665642,17.412306,1.163412,9.128969,11.141388,-1.423097,-4.291959,-5.020988,-16.898341,-12.587508,-25.735328,10.21068,29.181438,-48.218317,-25.879799,-2.125302,14.502248,-13.759526,6.379693,27.636134,-1.039777
-24.934018,15.710972,7.532559,3.862049,-10.84853,5.173659,1.310558,1.478341,-2.081756,-6.18795,-18.104271,-7.445969,-4.96634,-1.643646,3.189326,12.383868,-38.450692,10.947845,1.30117,-7.275957,14.010149,-0.982447,-4.792209,14.434024,-25.341894,-13.81866,0.363283,-0.043743,-23.412587,-13.477154,-0.615775,-23.623727,-11.575603,-21.387448,-9.113952,-26.603403,-2.141373,-6.037473,1.397849,1.069016,8.017884,-22.757615,-11.327608,-28.495013,-14.216089,-33.189364,-6.878859,-9.016406,19.523319,-17.627698,15.518311,2.131415,11.901208,0.786401,10.364758,-0.616396,-19.138379,21.449728,-31.121683,-6.131138,-19.160516,-11.815563,-8.765598,3.476047,-4.646093,-10.004275,-17.124066,3.211952,0.017056,57.442506,-7.790904,7.093968,-6.19924,-8.431665,-22.258825,-21.278611,-3.396065,-11.668174,6.203166,18.955074,-15.873909,3.142509,-6.841,-0.24374,-12.598835,-7.960804,4.892416,1.91101,-3.631625,5.305775,5.140244,-3.773962,6.458697,-0.634574,11.351879,49.548296,18.425894,2.217219,9.896954,4.719145,4.637966,-0.85676,-3.111349,-11.339321,1.766037,-15.856122,12.985841,30.725446,-43.093353,-17.996657,15.800639,20.493768,-16.112085,3.273387,10.186995,-42.832212
-7.050574,9.915328,16.643022,7.12208,-3.724991,11.235886,9.524953,2.591122,1.648926,6.150808,-5.13395,-4.487938,16.839143,1.814432,16.340856,23.79217,-24.266235,11.91527,1.402751,-13.019778,31.164272,21.199456,8.053942,27.005149,-9.521759,-8.475286,8.789845,15.117738,-6.609796,0.070373,2.586347,-12.275263,4.126904,7.593231,-6.038123,-0.354211,0.090721,-1.868659,-0.590217,-1.43534,-2.388812,-39.115878,-11.008663,-22.093901,-15.078108,-19.2704,-5.34453,-7.155649,20.025087,-5.562652,12.098838,5.100025,4.742346,7.152732,5.487005,-0.807086,-18.136557,11.060717,-7.212814,5.803178,-3.123559,-8.977177,0.4072,-1.182013,13.396118,5.780362,-4.6426,9.850781,-8.547692,15.885569,-4.907394,2.102999,6.504123,-2.245141,6.844603,-30.931271,7.03261,-5.242048,27.673918,21.762879,-8.240427,11.505889,-1.78201,-7.476487,2.76772,-5.716766,1.487578,-0.342384,-2.408995,4.941333,-0.071991,-1.450929,1.399656,-2.276474,28.289743,28.505345,12.014556,4.170066,2.585388,-6.055881,4.733639,0.928407,0.545185,-2.147665,14.274775,4.389334,-1.577601,20.605244,-19.155005,5.177416,19.840133,12.906965,-17.093114,-5.862554,-20.276868,-65.19902
4.520585,5.362125,20.677368,13.759639,-0.711367,7.60148,14.638691,5.696983,0.417827,3.341957,20.100458,7.895374,26.435423,4.670018,19.745607,19.851011,-0.693196,8.327177,-3.133779,-10.209724,26.684402,28.799196,17.225031,40.172289,-7.793505,1.57104,16.361505,20.402661,4.999456,10.315904,3.138229,18.384231,13.822062,26.044298,-3.586401,11.722636,-3.613171,-0.231458,-6.027295,-1.92407,-14.012448,-42.20328,-12.650413,-15.677481,-3.868727,-0.920358,-11.407483,-17.588188,16.525589,3.277719,8.540411,11.590384,-2.825417,9.400466,0.116233,0.272374,-13.045257,2.619361,6.135145,8.410547,4.178265,-13.40636,1.563869,-6.511631,38.428484,17.677344,-0.855473,17.424923,-10.028949,-6.432896,-2.828977,-0.742936,15.154818,8.169837,21.130187,-32.768935,10.943842,2.195706,45.069266,15.976586,3.715167,17.215535,2.095832,-8.914865,20.412143,7.37087,0.280903,2.229677,1.235208,3.266715,-3.533192,3.544882,0.091289,-4.980409,43.993552,-2.187857,-0.415177,12.093439,-6.811999,-13.103385,-1.60539,-0.235905,3.218473,1.15158,13.941669,5.837319,-13.760483,22.212055,9.667839,24.305029,-0.132087,-7.035027,-11.127968,-12.971796,-25.907978,-47.271996
2.756691,1.573445,15.29442,17.637039,-1.889585,-0.573645,11.263045,8.224744,-0.616875,-11.745025,42.83195,19.486737,19.590174,7.519545,11.86273,7.554264,17.123371,4.299328,-9.776897,-7.868751,14.610728,21.451266,17.046147,42.150857,-16.489228,8.502317,17.747667,15.686021,8.950112,6.88431,3.088252,38.746923,7.828726,16.819665,-2.920841,12.242734,-10.954715,1.557729,-2.790416,1.414164,-10.981295,-13.077005,-12.397174,-15.926172,10.289516,7.095676,-18.42132,-29.212838,8.346354,2.579217,5.525358,12.410639,-6.722613,3.243148,-4.229673,1.063548,-11.820064,-0.392739,-0.641588,-0.227474,-5.125596,-24.252439,-12.168826,-10.424339,46.441962,14.527653,-5.448779,17.946347,-8.023499,-1.381276,3.196152,1.096455,13.03059,8.412461,7.88588,-26.097946,4.306701,4.097018,31.002871,5.859329,7.110096,14.094094,5.188089,-3.641452,27.138331,22.43459,2.13185,7.503409,5.168855,1.066098,-2.642874,7.461624,5.38312,-4.000748,38.616477,-16.083544,-9.799472,20.85745,-11.609568,-14.510453,-7.708286,-2.665899,3.851437,-1.99224,7.600917,-12.531892,-8.227681,38.590856,26.599976,25.440683,-26.500646,-23.473241,-0.012025,-9.158153,1.509805,-8.981508
-5.725496,-0.85145,6.839183,17.609479,-5.08237,-5.688694,3.851469,9.650748,1.17332,-23.866798,46.657619,19.522568,3.144318,6.082454,0.159724,-2.070027,19.092839,3.035094,-12.844695,-11.395197,12.429334,8.538757,10.860751,32.252653,-21.033151,10.265159,10.297621,9.645573,5.731356,-5.244091,3.916661,34.174607,-7.521202,-6.769027,1.158247,17.419136,-13.169226,6.691982,12.222697,4.319376,-0.800289,31.806143,-5.909841,-18.158772,15.445773,2.893319,-15.775923,-25.678351,-0.673323,-2.620627,5.434387,4.771935,-6.107242,-5.865828,-6.615517,0.432283,-13.435521,3.660075,-11.910629,-5.661721,-18.579405,-29.757798,-29.009652,-11.444223,32.360933,-0.816753,-5.378026,16.447187,-5.418263,17.88086,10.720623,2.298674,0.090539,-4.340631,-16.954499,-10.074177,-8.072138,-0.784691,-13.046695,-4.729586,0.546626,7.353067,9.072163,3.911064,21.922594,31.541207,4.737626,11.177171,7.395438,-0.336944,0.305048,6.916026,11.392385,1.188588,-1.605361,-12.768023,-8.218358,18.413975,-10.887081,-14.095273,-7.80365,-4.311657,3.688509,-2.712241,11.870623,-16.842721,10.971551,49.7786,24.807615,11.988174,-32.019706,-22.048473,7.090135,5.177884,30.977534,12.621162
-9.126757,-0.899213,3.190222,15.755565,-8.115072,-5.149327,-1.235016,9.322609,1.426878,-22.158243,29.425482,7.731131,-11.553085,-3.237617,-7.216494,-5.78563,9.462007,4.373508,-10.149726,-15.397396,19.205686,-2.65758,4.032664,19.313519,-13.162016,9.075675,-1.444284,9.763587,-2.966348,-11.371097,1.663755,13.547942,-16.980964,-17.447171,12.289064,34.96065,-7.042847,12.51039,23.016191,-0.117498,-5.627424,45.948301,5.453249,-12.855699,8.269934,-3.492959,-2.702173,-5.212284,-5.890078,-2.835984,7.896736,-4.768609,-4.869306,-7.421719,-7.220355,-1.628599,-9.782154,11.98468,-6.986446,3.653891,-18.068386,-20.599861,-30.648001,-8.74014,10.703898,-14.093421,6.484567,19.546494,-3.025282,27.506234,12.298403,-0.46978,-14.837384,-15.71442,-23.01002,10.976086,-16.579337,-5.115293,-50.039788,-12.091152,-5.585296,5.041386,11.802264,8.283863,13.312224,31.292985,4.268946,10.709832,6.347559,-0.674382,1.527372,2.597282,10.06277,5.852112,-57.606044,-13.719456,1.491172,0.635986,-8.900109,-14.013041,-3.463845,-4.767442,4.330739,6.168313,32.453599,22.285925,27.922791,39.119512,12.540118,-0.807409,-10.905693,-6.194822,4.509355,19.399924,27.781433,3.301043
-3.246354,0.17739,2.906186,11.42699,-9.673699,-2.004793,-4.115076,4.415836,-3.905236,-9.526106,5.43564,-6.540377,-17.02075,-16.263456,-8.214932,-7.836112,2.081499,5.209874,-5.20002,-10.603051,18.234971,-12.028397,-3.268313,8.787925,1.839283,5.2421,-8.658542,14.610481,-11.959945,-3.990232,-6.816559,-6.742804,-11.570631,-4.235646,24.862755,52.569263,0.260006,11.976051,10.281873,-12.758434,-29.501683,-0.181912,14.143514,1.152491,-3.448801,-3.605059,8.595657,15.241131,-6.77371,3.964687,7.538499,-8.396886,-8.151082,0.994369,-7.77657,-4.513333,3.175204,17.057788,14.009193,20.294813,-1.290987,-0.525676,-11.737826,-1.732002,-4.57234,-14.422557,20.326437,21.615091,-1.450752,9.833174,5.54196,-3.247122,-19.422788,-9.950125,4.59235,24.931527,-15.258771,0.053543,-40.901105,-11.691053,-1.408317,6.641429,8.288154,7.469099,6.646987,21.240401,-0.9075,7.187612,1.24593,-1.260873,0.003143,-1.647969,0.595731,5.413074,-80.879094,-29.509001,7.784701,-19.978583,-8.467009,-10.855132,-1.071188,-4.444909,5.402642,20.040936,54.528718,86.986636,32.210127,14.371791,5.367267,-1.824643,14.026866,7.134236,-1.575685,22.137107,-8.54601,-18.378859
5.890633,-0.445324,-2.834521,1.047349,-9.08269,-0.033499,-9.453568,-7.000209,-10.453084,3.548685,-8.307384,-14.103598,-12.309671,-21.850891,-5.9087,-10.353356,6.671622,2.503695,-2.21184,4.456049,-0.199796,-21.28452,-14.208228,-3.095637,12.640739,-3.516805,-6.690131,16.302136,-12.587662,9.235902,-16.147042,-18.883194,3.941522,18.684969,27.437985,51.573148,0.894229,2.050163,-23.618724,-24.624811,-45.264916,-80.086336,13.780733,14.71019,-8.598484,1.936908,6.577912,18.804819,-5.886974,11.022353,-0.694068,-5.68521,-15.235684,8.688512,-9.913775,-7.036597,19.182765,12.304411,30.99762,26.485198,16.295336,18.351812,15.498351,9.628741,-14.079418,-4.129892,20.997805,10.698141,-0.728571,-31.364853,-1.975116,-0.369153,-7.885776,11.301115,48.956322,21.881437,-6.211103,14.891358,14.2059,-2.135512,11.736716,4.129698,-3.481502,3.864337,-1.312797,3.200653,-8.078258,3.572749,-6.650267,-3.308223,-1.913136,-2.881392,-9.309655,0.95989,-34.953556,-41.257397,3.192085,-24.153151,-6.469575,-0.311671,-3.789153,-2.831809,4.595998,25.633443,56.363611,120.510959,25.205713,-2.258213,12.424276,6.645995,17.431602,8.146875,1.279742,11.930081,-45.328711,-27.247884
11.167208,-2.713393,-17.045774,-14.533325,-6.197588,-0.113144,-17.453841,-20.142042,-9.549473,10.577428,-7.480443,-12.481393,-0.49369,-11.641967,-3.198801,-8.646477,19.915344,-4.022742,-0.359662,21.619147,-24.523327,-27.755362,-27.497512,-19.547426,12.961339,-16.08576,0.363151,9.770655,-0.206936,15.655627,-16.934779,-22.823593,17.219025,31.666117,14.882829,29.730467,-1.752668,-10.917352,-51.743352,-24.017303,-23.358727,-127.769234,6.35745,20.10239,-2.904274,8.905896,-4.596454,9.20872,-3.965577,12.705,-13.710462,-2.475008,-17.056906,3.757792,-12.200539,-6.904959,27.723302,-0.926723,29.666924,16.727193,20.742288,28.966538,34.799554,23.111664,-25.15774,7.10775,7.737969,-11.565451,1.966548,-68.784892,-0.236757,7.854594,12.96166,30.250316,75.985418,8.261114,4.214696,29.622736,71.540593,9.370071,23.032972,-6.038616,-17.530628,1.679856,-13.936324,-16.433325,-12.186405,1.688993,-13.243606,-5.807768,-1.252254,-1.262769,-11.604882,-1.70687,62.733968,-22.384089,-6.844961,-5.189887,2.660838,15.783825,-7.824307,1.153532,0.367813,14.94358,32.076791,85.330857,12.085622,-1.160935,29.290874,14.499454,0.589952,5.704308,17.449224,-1.195506,-52.026768,-18.018121
12.792419,-2.205033,-29.569632,-25.721737,-1.592099,-1.260853,-20.67291,-23.834804,-0.24162,12.49109,-2.288884,-4.183758,13.557453,10.702354,-0.221963,2.106373,29.487955,-11.978395,4.795375,32.153796,-33.660797,-26.586903,-35.018541,-32.273386,5.068212,-24.946782,4.303832,-1.697746,17.70334,12.730634,-8.58864,-18.022576,19.938353,30.990689,-4.744299,5.611987,4.326188,-15.966084,-48.288189,-8.094359,29.63199,-98.208307,0.171427,20.170677,7.524172,16.309397,-7.945123,7.52758,0.722993,11.246858,-20.783872,-2.550343,-4.381955,-11.018833,-10.010053,-1.823109,24.517078,-13.907553,18.815317,5.030106,15.534362,34.763933,40.230804,33.028639,-36.110415,14.809162,-3.705651,-24.5744,10.441634,-70.689684,11.381576,15.556511,28.145843,32.917401,65.900465,4.832573,12.261575,34.682092,84.148962,9.581553,23.00344,-16.308142,-23.177028,3.367025,-25.513658,-27.304575,-10.278723,1.165708,-13.520832,-5.966973,2.759151,1.526704,-5.893641,1.480618,145.761733,24.815158,-10.034271,23.219097,18.973817,29.035186,-7.254769,6.888303,-5.566776,-5.004314,-1.384135,7.911603,-5.49321,4.770035,43.189679,15.686684,-10.418288,14.473619,36.392498,-4.758894,-29.346574,-2.819686
15.528371,3.997162,-26.897737,-22.155086,3.477519,-3.176586,-12.403681,-10.906314,7.742795,12.223989,-5.111876,7.102702,23.453979,30.848539,3.659292,17.966335,25.983333,-18.525299,13.713454,33.925287,-20.890051,-18.244802,-29.703294,-27.936146,-4.531775,-22.709027,1.266463,-10.477507,25.259242,9.115201,-2.432562,-4.488445,13.022845,26.572869,-17.615794,-1.570821,23.765451,-8.230348,-14.979667,13.449276,71.729176,-10.399164,0.129694,21.939093,11.825671,23.555007,6.826271,26.806494,7.148047,11.132677,-14.679562,-3.403631,19.774598,-19.000916,-0.281485,7.207232,14.280934,-19.569332,17.322546,6.768271,14.617518,41.437681,36.18453,32.838621,-35.739867,22.100607,-0.351634,-10.959725,22.479548,-30.812197,22.104586,17.923871,26.548831,23.343909,30.123908,24.394615,18.332704,30.018151,46.879467,-8.615144,11.5509,-16.394059,-14.59693,7.647454,-25.80993,-22.976456,-3.966025,0.795174,-5.902223,-2.461524,8.040881,4.484614,1.196517,8.143182,153.374286,64.465038,-1.537002,39.543221,33.904671,31.423789,-1.373399,11.069433,-9.026015,-17.623655,-20.467026,-43.684531,-25.583713,-1.660359,44.075498,12.498368,4.515338,33.388438,41.74813,4.691235,-3.713145,9.118542
19.408054,10.372332,-8.958376,-6.034305,7.38942,-6.121379,2.999372,10.883535,5.92383,10.175627,-17.243249,16.568289,23.194403,35.390891,7.346543,27.711168,10.916729,-21.971358,18.999032,28.348424,-1.529736,-10.274342,-15.008378,-7.180003,-10.550936,-11.133353,-5.541162,-12.905358,13.918657,11.20624,-8.349212,9.339016,2.541436,23.035319,-18.170772,6.513733,43.928743,5.781633,21.379086,26.766394,68.879728,71.026454,1.968449,23.662246,4.095639,24.085367,29.449891,53.676899,8.887775,10.020815,-1.677315,-1.161041,38.306218,-8.844749,13.198916,14.146979,3.997056,-19.957625,27.991367,18.165623,22.364467,46.539925,27.143055,20.875678,-19.54448,29.662558,11.152422,17.884613,26.818758,19.271899,20.680244,14.715562,10.105151,15.348678,-2.758346,52.922075,22.316009,22.46892,-0.358855,-36.071488,-3.579035,-6.604058,2.769375,10.35938,-13.853948,-9.319125,2.377,0.05454,4.955966,2.094878,10.98511,6.973093,3.321192,11.640371,84.296649,63.372114,10.23585,33.845759,36.689284,21.942977,4.275444,10.054019,-7.135053,-12.213849,-16.178363,-28.202642,-39.061118,-19.755585,30.824302,9.468222,35.37606,43.339353,27.270669,17.993353,1.931717,19.394168
17.424855,5.860797,7.983322,6.616772,8.537383,-8.780373,11.652697,22.12581,-1.22755,6.072828,-27.772488,17.988697,12.15152,23.047344,8.564433,24.190028,-5.756068,-21.392871,12.051087,14.517178,4.424065,-9.192273,-3.709578,9.451156,-11.218166,-0.269008,-10.607458,-11.967862,-6.334238,13.697276,-21.176345,9.001152,-6.999448,12.061206,-13.558254,10.017408,45.321763,14.292883,36.319261,25.560789,31.109564,94.96484,-2.025821,14.565164,-11.094163,9.163713,38.171095,59.938509,0.562872,0.648105,2.703257,2.729232,34.518563,10.246208,20.95021,11.875279,-3.809852,-22.650853,32.567164,20.309012,26.729842,40.90449,12.497995,3.453342,-0.419982,28.945627,11.951387,27.640489,12.294377,34.620685,7.284425,7.824703,-8.12587,13.740135,-15.674268,59.836656,20.39794,15.839946,-14.090747,-51.910121,-14.127938,1.195085,16.042362,7.744482,-2.208275,-1.5188,5.394822,-0.945914,10.810702,3.034503,8.811025,7.288281,-0.191823,7.742164,-3.844611,26.521442,13.037184,14.128172,24.446212,6.54372,4.281904,3.510361,-1.283888,6.315254,1.922566,29.116858,-33.652962,-31.767986,8.872401,6.734717,52.072789,28.867059,3.23027,21.240888,-11.549987,28.829729
4.610224,-13.10895,7.881364,2.316979,6.083171,-8.072324,4.055129,10.48082,-1.563263,2.286358,-24.890907,8.655921,-2.103587,5.180945,6.268731,12.283639,-14.696418,-15.802466,-5.80544,-7.963043,-5.473958,-11.652437,-5.370498,1.80377,-7.653511,2.940671,-11.301676,-11.654496,-15.405676,7.397533,-25.691563,-9.730547,-14.621972,-12.928595,-13.187624,-4.565587,22.479221,11.626683,28.747229,14.600788,-1.14525,63.707833,-12.217089,-9.786334,-22.190856,-18.940788,22.732013,32.940264,-13.329248,-17.185878,-9.926705,2.621393,9.724694,17.064117,16.107586,-0.249321,-10.013232,-29.859367,15.34887,3.712668,14.829374,20.751044,-7.702399,-9.31554,2.491171,11.241989,-5.213671,-1.729035,-17.4621,0.980321,-6.729386,-1.046093,-15.250276,9.72673,-15.714638,30.646083,9.411743,7.713494,10.302062,-40.743934,-16.583724,-2.721622,15.917672,0.071109,-3.660126,-9.03915,4.640807,-2.313051,6.77076,-1.326271,1.96897,3.605545,-5.441798,-1.129046,-49.050075,-10.182609,4.114803,-4.621439,5.487551,-7.03211,-0.390392,-4.52507,4.034422,22.6141,19.458836,67.535807,-7.727434,-23.806273,-14.981631,1.544906,37.039075,-1.867531,-12.787769,8.60543,-25.693099,28.410777
-12.707919,-33.897036,-7.349178,-13.002254,1.279507,-2.151231,-13.552169,-13.663824,7.848062,2.139709,-8.004352,-4.574424,-8.788269,-4.402555,1.516867,3.69898,-13.84686,-4.881443,-21.180097,-30.252339,-14.197414,-6.647697,-15.607052,-24.431122,-1.629974,2.780701,-7.675403,-10.680065,-4.358282,-5.810758,-15.274387,-30.730919,-19.873968,-40.22337,-16.150888,-26.396159,-8.404104,3.123601,14.883209,3.259504,-3.393152,19.431465,-19.156059,-35.938533,-20.435415,-41.822605,-4.411867,-8.972298,-20.001313,-31.086704,-29.842669,-3.596796,-15.846537,2.457114,1.819858,-13.414243,-13.44432,-33.719898,-14.080138,-17.322415,-8.554224,-4.417667,-25.966908,-11.894832,-14.703213,-16.898934,-24.692572,-48.143504,-41.304577,-45.863196,-10.522948,-8.686261,-9.020207,-4.149753,-19.572941,-14.418707,-6.098555,-3.085949,38.615109,-6.594794,-12.164925,-13.916503,4.520166,-7.592442,-15.396186,-23.92415,1.572985,-4.317081,-3.785625,-6.975647,-5.142841,-2.952893,-8.239664,-8.066879,-38.757796,-20.423978,-7.894628,-14.468657,-7.896911,-13.642279,-3.434262,-8.575834,5.465564,24.663199,29.535462,54.143906,22.978768,-0.730213,-34.185197,-5.507083,3.921008,-23.802717,-11.112797,-11.27348,-25.507566,9.655988
-20.603035,-36.620974,-19.943041,-18.262513,-1.931572,6.883021,-24.002897,-24.413242,14.699136,5.217293,11.014514,-8.772522,-3.621224,-0.846616,-3.910142,4.273801,-7.693912,9.143613,-20.430191,-35.0974,-5.200567,11.845797,-19.647862,-39.939338,7.046776,8.469872,0.260237,-4.217197,14.086881,-12.008194,-0.064859,-31.256053,-20.339757,-46.357014,-12.429233,-30.54097,-24.790652,-1.232373,7.23045,-2.617071,9.481974,-0.020226,-13.484605,-42.329001,-7.464222,-39.245161,-21.152433,-33.72655,-11.69048,-27.202703,-37.198847,-10.654285,-22.120125,-19.334373,-10.774273,-16.254225,-10.03764,-24.671492,-28.651857,-19.748081,-23.356579,-18.791205,-30.846658,-7.307622,-34.659862,-33.704378,-23.980702,-64.754165,-37.627242,-51.020267,-3.782586,-9.537656,1.561299,-20.458699,-31.301743,-39.582591,-14.767411,-10.433983,37.16527,29.736297,-4.179526,-18.417447,-7.226913,-9.158174,-21.100287,-27.514033,-2.060434,-6.459177,-11.695758,-7.554017,-6.904363,-7.658955,-6.536936,-7.794255,-11.49521,-12.311307,-13.592794,-17.206198,-10.069713,-11.732071,-0.089747,-6.016788,3.615675,12.523818,30.420411,9.077198,36.752684,20.300049,-41.425413,-9.431416,-17.319647,-21.365845,2.857639,-21.807127,-12.073545,-18.823695
-11.999794,-14.710891,-16.262774,-1.072665,0.959718,14.191692,-16.197989,-6.809555,6.387809,7.000593,18.306276,1.239777,7.004391,8.982877,-8.813916,8.192655,-1.723259,21.063046,-4.144838,-13.090357,18.45536,35.530543,-7.442367,-24.041542,20.832261,20.521679,11.747214,7.895918,19.109224,-2.214123,7.043044,-7.489709,-13.511367,-21.506217,2.889645,-5.943964,-19.676844,2.540952,4.717384,-2.827093,8.238912,10.757242,2.807676,-21.872526,6.179466,-10.251313,-18.081912,-26.820024,4.028702,-6.624938,-22.050474,-11.682097,-9.000746,-26.273313,-12.756788,-6.166134,1.397813,-3.84272,-14.497368,0.721619,-15.88712,-15.527346,-18.203514,-2.479843,-36.57347,-23.034084,0.458403,-28.387355,-6.388957,4.615846,5.072079,-0.861071,5.401016,-24.109223,-38.59611,-30.645574,-9.36753,-7.247934,7.264016,46.893686,3.928123,-8.79676,-9.880556,-3.336771,-10.275136,-10.704557,-4.569849,-7.357569,-10.226558,-0.907085,-1.534876,-6.440447,-0.486624,-1.007362,-10.426436,-10.028544,-12.497886,-16.718857,-5.665821,-2.974531,7.89798,1.071181,1.497509,-4.331375,17.518331,-26.944509,25.270921,26.256675,-30.801545,-7.327992,-11.110081,-3.751681,14.476249,-12.990923,3.218616,-33.559448
4.518154,15.262902,-1.308657,25.538402,10.66339,16.267192,3.690876,25.029408,-11.886333,4.337492,10.134722,13.931711,12.713261,13.956858,-12.236877,5.427976,1.755204,25.309552,11.978274,22.155788,36.663402,47.392646,15.393038,9.14604,40.131274,27.639702,21.825897,17.153809,5.210754,13.382505,8.501991,19.076015,-0.832752,16.40276,20.056645,30.47919,-6.265407,8.741635,1.400093,0.307842,-11.478439,32.462011,17.209534,8.91426,10.347475,23.076093,-5.546298,-2.848309,10.666957,13.273621,4.787682,-6.589585,4.50532,-13.158387,-5.394726,7.01591,14.579086,15.49421,11.934648,22.671512,5.563558,-3.624146,2.954127,-0.508985,-17.914,5.871246,27.355453,33.23688,27.75138,81.659749,8.813276,11.289466,-0.391222,-12.051354,-29.890313,-7.638326,3.852319,3.03662,-20.695926,37.993245,9.478248,7.546301,-3.479636,4.196066,8.050054,14.428862,-4.335763,-6.184781,-1.220561,8.106313,6.262676,-0.88882,7.53485,6.522077,-39.929391,-19.141783,-10.928344,-13.097349,-3.359219,7.750894,14.319074,7.786407,0.658368,-15.737967,-13.66802,-35.571005,0.512875,15.496314,-4.223073,-3.492397,10.602691,7.867042,11.88117,8.975395,12.596933,-18.690595
12.842615,28.089863,8.941151,35.027693,21.653124,13.436599,18.797803,40.213264,-20.408546,-0.417462,-4.617376,11.171863,9.607815,9.197834,-12.74165,-6.290071,3.161286,20.096723,12.421943,41.470924,33.183135,37.859359,32.422031,23.967792,57.634494,19.967676,22.461117,13.520708,-11.052408,14.248491,18.896312,25.0877,11.389846,37.91939,23.232082,50.393347,-1.499927,8.835069,-2.59726,4.588069,-24.701633,45.414536,19.369669,26.376783,3.773752,35.685198,0.624685,13.551016,0.523019,16.129527,22.180831,-1.989631,1.269108,3.624654,2.338861,10.307773,19.698763,20.31665,21.49478,21.841366,19.549324,1.617693,17.590844,1.233482,4.120279,24.813782,32.06632,67.509118,37.161822,118.14402,7.744062,15.650856,-8.186739,0.629795,-9.6395,1.293853,10.104593,7.367522,-22.82665,13.140923,11.428342,17.60297,3.945598,5.59758,14.728307,26.220406,-1.028566,-4.014096,6.983838,11.984027,8.976579,2.598732,13.057463,8.89457,-67.156265,-20.89336,-12.511213,-5.087734,-6.901556,13.749632,14.669361,10.10609,-0.290477,-16.828182,-54.501739,-25.471362,-17.618487,-6.73734,25.190225,-4.897726,24.632016,4.390405,-5.75801,26.408965,18.018856,17.06613
6.296864,15.47295,7.287794,16.744463,25.58025,8.477144,18.6043,23.281654,-8.358434,-2.612128,-13.462239,-10.285476,2.745282,0.251174,-9.151597,-18.347376,2.750099,9.501246,-2.206268,27.892764,12.431149,14.954056,31.95251,3.884776,59.456421,3.165821,10.575034,-2.781731,-9.146734,-5.974832,42.250618,12.131285,16.343105,31.876674,8.890602,43.442878,-7.917365,1.248747,-2.70532,7.813319,-10.406162,43.396777,11.65803,23.900757,-5.868989,22.926218,-3.114528,14.289148,-16.258187,3.542258,19.555247,-2.217591,-15.448144,6.322052,3.503545,1.072724,12.816737,10.921657,4.84257,-1.936764,14.4106,-5.271146,17.618482,5.759301,11.931339,15.520983,11.922125,49.707925,17.004158,89.122728,6.667555,8.429193,-7.257973,-1.926158,6.949461,-7.034104,2.144783,-0.781392,-5.535021,-9.666352,10.865946,17.842612,5.160782,-1.098435,2.851274,16.686603,3.070324,-3.067181,7.819129,7.88849,3.776373,-0.149586,12.15079,4.889204,-60.329268,-1.180898,-13.974428,4.853704,-12.379916,10.81563,9.710986,7.457528,-3.030623,-8.515726,-80.031148,-6.794636,-18.942293,-32.740196,39.914064,-11.43798,21.832676,-4.472343,-28.575755,25.566485,24.694445,49.075616
-5.531575,-5.078439,2.943373,-10.573553,18.68504,3.59558,8.268732,-8.303039,10.871133,-1.889089,-11.821612,-30.891959,-1.598843,-2.806886,-2.196666,-20.121579,-0.422614,1.16168,-15.733793,-4.074974,-4.820575,-2.45719,17.356922,-27.225645,36.355734,-5.494503,-5.688863,-18.666892,12.703008,-28.274076,59.517075,4.047483,12.640256,15.200195,-7.710113,26.645509,-13.363319,-6.342404,1.622885,7.764382,21.311114,31.410585,6.024453,16.578548,-9.451643,2.764428,-6.306881,12.602813,-22.167363,-7.524291,6.117684,-2.890818,-25.589931,-3.512801,-0.494283,-9.64971,0.205092,0.346052,-17.506093,-23.993384,-0.773972,-14.249872,7.608962,11.454503,5.1631,-10.604429,-11.686582,5.831243,-11.232657,28.603653,8.004461,0.246994,5.818504,-16.01768,11.921641,-10.368873,-10.351775,-9.628037,6.501882,-16.677281,9.919767,16.75742,0.831449,-8.913228,-13.465449,0.38574,4.389519,-4.354229,2.60578,0.340162,-3.967558,-5.658953,5.733818,-1.207339,-20.527776,25.808879,-10.641055,11.24491,-13.26731,1.431632,3.504336,2.594892,-6.285572,4.351351,-67.777606,20.556103,-8.290286,-51.437922,31.68319,-13.617309,13.659092,-5.955176,-43.090929,8.52668,31.488454,60.296009
-7.862498,-8.89915,8.398923,-18.132654,5.913461,-0.724038,1.356181,-21.841761,13.248094,-3.010958,-5.941371,-26.9043,-3.838361,3.935683,5.219996,-10.042497,-6.352878,0.793594,-13.055342,-21.28318,-1.526313,-1.669865,2.549221,-29.933354,-4.211551,3.27807,-12.40913,-19.841038,35.397339,-26.436652,46.423369,17.179276,5.965794,12.125017,-7.461771,23.170035,-6.539028,-4.555906,6.275107,4.387483,41.439906,18.946241,11.089959,21.98829,-3.544825,-3.845781,1.730548,23.277394,-10.670952,-3.423305,-0.637216,3.970838,-13.498321,-7.96167,-3.056973,-8.156084,-7.67609,0.905098,-18.637697,-20.481512,-8.302453,-10.516102,-1.312485,13.997397,-1.834918,-25.283608,-15.669479,-18.120125,-21.684521,-8.129817,9.675646,5.845975,23.129524,-20.964167,12.050947,7.82839,-10.407809,-0.122998,-0.005599,-6.054815,9.569275,22.35293,-1.876817,-8.025552,-14.768684,-1.885247,1.904592,-6.441988,-1.516214,-3.395756,-5.784901,-6.102766,0.259389,-3.50463,22.804245,32.126136,-3.172765,11.326223,-7.006716,-6.407617,-0.826195,-0.736827,-6.467362,14.701356,-22.237366,50.364778,3.335229,-50.42978,9.157388,-2.52286,15.32663,-0.141735,-40.951345,-9.79847,30.294161,52.692965
2.953014,9.42062,22.521116,1.564071,-3.393946,-4.542293,5.210108,-3.998506,-7.574082,-9.071859,-4.894355,2.594437,-9.329061,12.919522,9.922126,2.704263,-11.87385,7.652118,4.978629,-5.548832,20.110466,13.591298,-1.352426,6.434125,-39.62594,18.384836,-3.876337,-5.612643,39.126354,3.783109,3.831214,39.889284,4.358539,27.404208,11.777628,34.753705,10.506981,8.215653,10.319732,1.389107,36.025338,15.635073,23.76868,40.053475,8.824792,7.869332,19.913827,43.077443,8.160651,12.847268,6.265047,18.728123,15.925574,5.496836,-0.330183,7.806631,-6.202313,12.403733,5.030524,7.983594,-1.520324,9.548268,-1.874835,12.261649,2.6531,-15.007154,2.393504,-5.039877,-8.422071,-0.476981,9.087196,25.786159,31.702166,-3.051429,17.064022,35.276525,6.965204,29.540508,-15.127721,12.029324,8.669512,30.708148,2.592487,4.237262,1.76235,13.326664,-0.878901,-6.982761,0.608708,-0.273102,0.946777,1.502851,1.779413,-0.013308,41.883361,11.134029,3.618156,7.908037,3.334541,-6.238494,-2.866362,-0.559924,-1.955168,15.964081,24.044552,58.479779,9.014402,-26.477991,-9.392263,18.451416,26.679612,3.532731,-24.155604,-16.388134,15.820453,37.286982
16.228314,30.858428,30.903,26.686145,-4.542112,-7.344272,14.785219,25.422753,-30.923194,-15.809244,-10.377405,31.354448,-19.532722,11.256095,10.625173,7.071698,-12.137506,14.877976,23.735536,27.885456,41.757659,28.819531,5.486179,50.461219,-49.615483,19.492239,10.230206,9.327674,22.975467,37.669391,-36.558213,46.732715,11.091915,43.51229,32.095578,39.650754,25.592072,23.820991,18.262738,3.47461,18.941757,25.558277,33.499626,54.349548,22.249855,26.330683,37.509436,53.723004,19.851724,27.230791,17.387853,30.810662,41.846671,29.609743,5.114403,26.506027,0.057534,23.758198,30.738571,38.577739,10.182147,33.513801,4.60243,9.837199,15.863477,4.682959,24.157712,19.571753,11.987475,22.284617,7.068553,42.172236,24.861671,27.184934,24.991969,44.527703,27.681306,55.853866,-22.279562,22.632602,5.430286,30.066895,11.709864,19.623852,19.581704,27.84808,0.625482,-5.333289,6.775597,6.220171,9.967595,10.715861,8.733963,5.22449,33.172005,-12.480982,7.643898,5.476061,12.543057,0.527279,-3.40927,2.085473,4.138587,6.507898,39.000011,24.733623,7.749669,6.223486,-12.471965,34.371611,32.464375,1.585516,-3.415002,-11.789292,-5.075168,19.897504
19.637482,33.259214,22.711176,30.148385,-1.729625,-8.517261,19.816487,35.241543,-31.162105,-15.260873,-15.034787,31.731403,-27.648769,-6.43111,8.19056,0.249688,-5.313288,14.968824,30.096188,46.982131,45.806194,32.725048,14.503976,61.535837,-33.899191,0.413496,14.238084,9.22198,3.355553,45.804777,-42.114234,29.420655,21.49905,42.337171,34.251091,18.898311,28.880079,31.188344,30.295282,10.832145,10.287158,39.822753,32.800335,51.008507,32.139101,37.90456,45.063235,42.489269,20.095737,30.074041,18.74547,28.601245,46.452577,45.676644,7.848628,33.48409,3.415864,24.733487,34.550237,48.946341,14.260747,43.604497,11.537194,9.806254,25.42043,8.522186,30.14437,20.695945,19.540646,19.058928,6.730635,36.314046,8.282822,44.815631,24.27009,25.800708,32.737372,52.170774,-19.552977,16.862402,-0.404683,15.347011,16.581855,25.694787,21.726538,21.732664,6.062506,-3.197178,9.764086,10.01376,12.62882,11.759581,12.402154,5.841885,13.833176,-12.181503,12.076458,4.853232,17.152577,5.856971,-2.678074,4.265217,6.583838,-7.733624,20.793072,-34.928777,0.908344,24.538618,-4.887609,32.598601,20.624469,1.133072,9.672832,-7.416852,-16.128168,0.761706
12.340534,14.700151,3.311031,8.031823,-2.669496,-8.2839,15.634559,15.388906,-6.155909,-5.299926,-10.840716,3.288888,-24.740299,-30.921928,4.166506,-10.748063,4.443877,6.026349,23.28557,35.375867,29.060895,24.800426,17.501326,31.489141,-11.41258,-22.500236,3.253359,-6.817009,-4.848655,23.118356,-13.43856,5.628795,26.581386,24.046082,17.288335,-19.380357,19.855876,24.723695,34.08508,17.189057,10.693026,37.70197,22.363251,32.125971,34.863281,37.607175,40.743599,15.985336,15.407022,23.090176,6.969768,11.876773,28.990557,42.512148,5.233237,24.451725,0.969392,14.761182,15.365296,35.389465,8.67851,31.883457,13.28068,9.899321,22.883575,-8.723955,17.414902,-6.660736,9.636126,-17.102997,9.188834,9.727393,-5.472106,35.856253,9.758343,-1.953073,18.175365,18.123595,-19.546545,-1.283603,-7.371176,-5.049865,10.267884,16.641091,8.701708,-5.022954,8.868551,-2.567166,4.644001,7.926918,6.751613,2.125841,6.143411,-0.448832,1.939071,7.82652,19.663151,3.221094,16.294921,3.0104,-0.655061,3.677815,3.531179,-16.860489,-3.629192,-74.103567,-8.986167,17.508561,-1.007624,14.959371,-2.878899,7.578851,11.050425,-12.292772,-5.783483,-16.013962
3.60811,-6.766281,-11.958258,-18.968304,-9.453715,-7.430401,5.988964,-15.311428,20.721102,6.587284,1.702294,-27.450318,-9.500592,-45.248836,-0.383989,-16.576071,9.816005,-6.796467,10.835774,4.917818,1.872096,10.858701,12.120472,-10.725598,-1.180104,-27.793731,-11.601189,-23.968933,-2.715826,-8.830555,15.821453,-4.978314,20.212353,2.285485,-2.83011,-46.550839,3.878645,6.841056,14.080439,14.827154,3.79391,3.224515,7.26586,10.041117,27.976332,27.581511,27.520883,-7.854699,11.978679,12.756501,-8.501644,-7.528848,3.480726,24.171484,-0.979744,7.111763,-4.13652,1.027042,-7.415397,10.922632,1.000334,5.564636,8.540681,5.172112,10.962366,-27.039664,-1.152715,-35.285461,-6.5982,-55.489963,11.675626,-16.275244,-9.226159,9.247223,-8.787776,-14.592054,-1.725599,-18.70433,-30.388892,-18.569469,-14.189169,-18.650775,-5.382991,-2.291526,-4.72195,-32.538003,2.7763,-3.456257,-6.406745,1.395763,-1.967383,-10.194372,-6.463678,-9.21867,2.09861,18.247072,26.504867,-1.349852,10.516825,-7.085324,1.553254,0.364627,-1.438922,-15.400194,-9.527576,-63.781453,-16.724741,-2.371099,-9.149641,-5.002973,-19.784088,13.344854,6.217103,-23.737976,20.829864,-20.707398
0.020949,-14.726654,-14.250886,-29.979019,-16.018077,-6.229463,-2.971179,-31.946518,26.627475,10.657114,13.543665,-35.367446,9.479067,-39.892109,-4.685815,-14.015073,6.915045,-16.060961,-2.4441,-22.419065,-23.349485,-5.182803,1.179823,-32.852124,-4.918687,-12.748486,-15.797663,-26.654858,-3.082695,-26.706177,14.121839,-6.164346,3.788942,-14.814883,-12.820645,-44.581632,-13.820909,-15.627284,-28.099567,2.071116,-19.226919,-55.185663,-8.669423,-7.328224,12.896097,11.063657,8.390253,-19.068146,8.53603,1.883999,-16.601518,-17.747449,-14.561229,1.470342,-7.386035,-7.964353,-7.915862,-9.720886,-16.670161,-9.645725,-3.281667,-20.842909,-0.226449,-4.703165,-0.826848,-25.54932,-11.888145,-39.309594,-16.842352,-66.286682,10.058142,-23.209167,-8.013206,-15.775421,-17.633677,-10.659364,-11.174772,-32.726057,-43.543827,-24.328715,-21.023721,-22.967457,-20.921891,-20.300373,-7.831674,-41.494121,-10.266344,-4.038791,-16.129322,-5.938596,-6.965956,-14.766536,-14.529486,-13.570204,6.727908,2.034275,24.35277,-7.549958,1.273613,-17.36261,1.895997,-3.847956,-3.322414,-7.637107,0.201374,-28.172382,-16.029053,-11.874796,-23.440237,-16.166283,-19.700681,4.98593,3.940443,-31.372978,44.666286,-8.815283
-2.262832,-11.28136,-8.237366,-24.425493,-15.177173,-4.262733,-8.919371,-28.789464,12.541199,5.361883,16.151432,-21.058292,21.131585,-21.318616,-7.654055,-7.362827,-1.044687,-18.318166,-17.646241,-38.48907,-41.228115,-22.592141,-10.4159,-30.635939,-9.422344,3.816562,-7.386246,-13.287073,-14.855814,-27.661132,-16.336657,-18.777061,-15.227748,-32.528567,-16.06975,-26.400669,-29.108914,-35.762947,-67.323259,-14.546261,-46.185913,-104.810935,-23.391993,-21.664939,-3.242467,-8.595212,-13.425227,-24.089344,1.446933,-9.764239,-15.296693,-17.912144,-19.222451,-18.514363,-11.796844,-16.309178,-9.942259,-16.10063,-13.899185,-20.634782,-7.303436,-37.238721,-9.470181,-13.367464,-5.155688,-6.52391,-12.67255,-22.396001,-18.945762,-53.972497,2.555964,-14.707537,-12.730845,-29.265753,-15.709227,-9.406051,-9.484769,-27.360454,-43.61823,-19.07131,-28.161921,-26.926918,-27.215066,-29.970742,-4.551011,-30.78025,-20.254166,-2.827678,-18.455595,-11.183712,-7.501371,-9.272788,-11.267343,-11.010633,6.400459,-23.428126,9.670251,-13.498754,-8.609707,-21.685444,-0.528777,-7.303526,-1.208257,-3.609062,3.245358,-20.620243,-5.499851,-0.50765,-30.963713,-19.448068,-12.32962,-18.852371,7.640934,-28.855396,48.208583,10.195311
-10.74492,-10.742956,-3.391325,-16.804182,-7.170151,-1.44572,-13.208955,-19.662859,-1.899513,-1.176881,9.806445,-5.338017,20.637154,-4.965664,-8.222541,-2.560358,-7.094178,-15.640034,-34.246425,-50.57888,-52.346106,-38.31545,-17.744081,-23.571687,-4.317739,2.94323,2.036848,4.089867,-33.58483,-25.294325,-44.830388,-50.485184,-29.013227,-57.582642,-24.759542,-21.610438,-37.228309,-47.957386,-75.215242,-25.715777,-57.801466,-114.158541,-33.755233,-36.467883,-11.577495,-25.786668,-31.892554,-35.092714,-6.924061,-19.670707,-10.724224,-16.217613,-15.382424,-33.064417,-13.529293,-19.818378,-12.074839,-20.108154,-12.973444,-24.948452,-16.653555,-42.718698,-17.024076,-14.734336,-1.880849,9.059265,-11.53702,-9.862633,-18.389591,-47.852282,-9.084108,-10.390468,-26.637565,-34.650862,-15.263536,-23.441122,-8.484086,-26.849842,-27.181625,-10.986977,-33.805581,-38.031149,-22.501892,-31.014089,-5.06485,-14.699691,-18.588836,-0.195314,-12.897088,-13.025437,-7.47749,-1.12087,-1.030214,-5.4587,-2.325476,-27.480665,-11.211855,-19.631024,-15.563014,-19.671429,-3.966361,-9.612253,1.145272,-8.873325,-11.81181,-62.092325,8.166174,21.102659,-25.539157,-23.192143,-17.424648,-41.979409,12.872737,-19.875861,28.700824,19.72516
-24.275353,-20.057701,-2.467302,-16.278671,0.174357,1.337829,-16.733992,-17.609101,-2.959349,-0.361479,2.533747,-3.633929,11.177309,-0.069385,-6.36413,-1.059896,-7.376702,-11.493774,-43.97341,-63.009927,-56.503028,-44.648333,-17.39449,-26.506777,6.121889,-13.652865,1.752309,13.187383,-46.683236,-28.409045,-45.622722,-80.951294,-34.202521,-83.670834,-40.875618,-43.183637,-34.727632,-48.00588,-47.780139,-26.687048,-49.716241,-80.825286,-35.809296,-49.361616,-9.809819,-35.113238,-40.025445,-53.840397,-9.465207,-22.579969,-8.289409,-18.613428,-11.831907,-39.308047,-12.37139,-20.921257,-14.385944,-22.63397,-21.638034,-27.742776,-29.369286,-41.75031,-22.934526,-10.844264,3.240611,7.138786,-15.731973,-17.792378,-18.464491,-63.862383,-21.0687,-22.01296,-39.587825,-37.088648,-25.105374,-41.657283,-15.409535,-43.129475,-7.42617,-4.972321,-34.42007,-51.191765,-12.381206,-27.099404,-11.221484,-6.16931,-7.08953,2.356432,-3.674182,-11.16358,-9.103373,1.044062,6.005651,-2.22652,-16.5449,-4.468334,-27.0135,-26.67709,-17.682228,-15.03587,-5.316068,-10.913843,0.224264,-18.307839,-29.980074,-112.995561,15.328835,35.161036,-13.097844,-31.239311,-42.1355,-46.279157,13.025615,-12.484483,-2.476741,11.964985
-31.237198,-30.326956,-1.14038,-17.588394,-0.072678,3.037606,-18.172527,-20.786968,3.600489,7.566484,1.546755,-11.394237,-0.671432,-2.452782,-3.430247,0.142474,-4.044572,-6.528851,-36.681414,-65.929719,-50.335487,-36.168397,-9.559079,-33.837457,10.113552,-26.740425,-5.98906,12.441089,-45.78982,-30.555239,-21.881147,-83.005844,-32.246493,-94.244554,-50.524262,-72.826807,-24.130551,-34.876648,-9.48191,-19.516326,-35.380311,-32.678894,-29.429875,-54.842745,-5.882869,-37.652986,-36.11116,-68.462646,-4.0007,-17.556596,-7.389198,-22.223418,-13.005584,-35.33723,-8.327705,-19.164445,-14.186951,-22.076784,-32.537151,-32.074624,-35.276377,-38.278937,-27.952749,-10.208076,3.388353,-4.604967,-23.670177,-36.346679,-16.289487,-84.314857,-29.388029,-39.994136,-37.786046,-34.686253,-37.698312,-43.240135,-23.32235,-59.14583,-0.124994,2.06519,-28.223564,-53.211472,-3.729326,-21.222678,-14.639578,-5.940735,3.695177,3.922144,4.504016,-6.187272,-10.167589,-3.979302,4.900197,-2.014944,-31.258179,18.708524,-30.686741,-31.286539,-16.456771,-10.708869,-3.261218,-10.760618,-2.929874,-20.709426,-27.397082,-112.879716,12.179581,34.262462,-3.799688,-37.906501,-69.765451,-30.368635,6.763385,-9.466149,-30.67174,-5.288451
-21.611155,-28.472432,3.327613,-12.113968,-6.440658,3.515091,-16.325817,-19.643344,3.925618,14.241752,6.705326,-14.935663,-9.563088,-2.227183,-1.229998,3.193369,-1.337136,0.443279,-12.753344,-47.114573,-32.588784,-18.81208,1.160911,-31.974309,4.313683,-21.72189,-10.203248,8.769744,-33.5317,-21.770833,2.95236,-54.710411,-26.128954,-79.773624,-39.624791,-81.373714,-13.697725,-13.140619,11.75386,-9.443482,-28.786384,-0.407738,-20.807662,-51.991074,-10.766252,-41.100226,-26.480208,-65.814083,2.191179,-11.420383,-4.864849,-20.687502,-15.373075,-25.85144,-2.022197,-13.546891,-9.286967,-16.623543,-32.048785,-37.914357,-25.998387,-33.651324,-30.814163,-17.567988,-4.16802,-9.391114,-27.089307,-43.850621,-8.208619,-78.949633,-30.937205,-45.255346,-19.594908,-23.685262,-37.062273,-23.713201,-20.801677,-50.207098,-8.432739,13.605587,-18.082372,-37.924976,0.915052,-14.592698,-8.787848,-7.28511,5.475271,4.721986,9.682282,0.129443,-8.134917,-10.153951,-0.226805,-1.116565,-43.168682,15.366857,-22.904342,-26.623512,-15.137639,-6.511282,0.146084,-8.475989,-4.283696,-9.940857,-0.5482,-44.313288,3.243443,22.889166,-0.798028,-34.678682,-73.233384,-9.240134,-0.744198,-6.287069,-46.234096,-17.674644
0.637334,-13.471079,7.42218,-1.813271,-10.961698,3.255145,-12.440269,-12.271254,-4.765,12.246862,12.15593,-10.433612,-12.748017,3.523025,-0.786234,5.62316,-0.076119,8.109313,13.468614,-11.242555,-9.877045,-8.320472,8.583389,-19.433194,-1.686596,-3.673781,-5.36825,7.193228,-19.7752,-4.895339,11.53155,-22.662221,-17.327989,-48.560863,-12.40941,-60.474011,-9.711568,7.966602,10.925807,-0.504747,-29.996295,9.622815,-17.554817,-45.294793,-26.074119,-49.904937,-19.896945,-45.029043,0.410225,-11.600876,-0.871116,-13.552657,-11.169571,-20.92387,5.446736,-5.927789,-1.004631,-6.780577,-15.352469,-42.269043,-4.337334,-28.012723,-27.494531,-27.231065,-15.403279,-3.539047,-19.954369,-31.605892,3.761243,-41.272461,-24.732566,-31.256271,0.458955,-7.883504,-18.27261,-0.303646,-7.943093,-17.348321,-22.751088,23.968027,-9.81057,-14.173945,3.425722,-8.222599,1.502644,-6.593852,0.412674,5.11769,12.544878,5.419102,-4.758666,-11.571634,-3.064761,2.708806,-51.20681,-8.419153,-8.142422,-9.623579,-14.910785,-0.947719,1.398655,-4.572795,-2.16422,8.488365,27.446655,48.787238,-4.601474,6.313206,1.499174,-19.869576,-41.282909,3.496617,-3.543568,1.721653,-44.350208,-17.596337
19.350849,2.374101,6.277925,2.719388,-8.138121,2.187034,-9.084584,-6.735686,-11.694774,2.0721,12.897786,-6.519977,-10.168364,8.040716,-1.948615,2.957768,2.451655,11.743553,25.266759,19.465918,5.757866,-15.98113,9.569867,-8.104992,2.068437,10.520792,2.33602,5.515964,-12.577065,5.825298,6.12569,-12.110791,-5.974754,-18.672704,10.276202,-29.702159,-9.644236,19.876296,5.129711,5.400988,-29.12368,14.122991,-20.616164,-37.667081,-40.073342,-56.469188,-19.085241,-18.224548,-8.364447,-16.429583,1.026542,-7.37123,2.953712,-24.883177,12.913548,-0.289031,6.823769,4.352786,8.233098,-40.404119,17.166715,-21.542941,-14.691364,-28.685184,-21.991495,0.135122,-4.950377,-10.624004,12.798056,2.687372,-13.254804,-10.467782,5.643464,2.748419,5.436421,8.313293,2.280641,9.59804,-32.094306,21.236576,-6.735184,2.680313,5.817619,-3.461297,5.389734,-6.174914,-2.542271,4.760772,14.036923,8.139683,-4.24843,-7.803522,-3.047504,6.460646,-54.308753,-21.61845,9.39093,12.856011,-13.325522,6.094758,-0.875517,-0.961284,0.439731,21.93333,30.477825,103.591061,-8.424629,-14.585241,8.345938,-0.64164,8.289419,8.34577,-0.801831,12.433783,-23.142626,-8.261602
20.783328,7.2351,0.03742,-3.680421,-0.850046,-0.330334,-7.403501,-8.868333,-7.869368,-9.65778,8.728027,-9.57207,-4.904543,4.607119,-3.909117,-5.243433,7.288695,8.275405,18.330946,26.075157,6.680788,-35.489864,5.447276,-6.868637,11.918935,11.282726,3.638929,-0.659206,-12.083462,2.061393,-1.024366,-20.027679,6.565388,-1.294072,12.32287,-12.693407,-5.587502,19.925267,9.403679,7.094908,-19.879304,27.284253,-22.645464,-26.586401,-38.299028,-46.887077,-19.132882,0.631116,-13.823496,-16.224287,-1.00497,-7.292585,19.925453,-28.571997,18.676562,1.009829,11.212169,12.632974,23.297838,-29.536634,26.624295,-14.175592,4.962501,-18.479217,-18.450849,-9.098244,8.220071,3.390025,13.959407,22.284386,-2.03104,0.508262,-5.229768,3.236807,16.699707,1.374114,-0.521671,5.03691,-31.976031,1.773976,-6.130078,5.819045,7.045421,-0.611782,-0.946279,-8.313557,1.400432,3.06074,13.487102,8.112784,-7.134227,-2.110506,-4.509783,5.418693,-49.487602,-6.536657,24.856829,27.439995,-7.440216,12.814735,-4.43518,0.922019,-0.370763,21.624524,5.695385,91.20958,-8.654694,-36.309211,15.947999,13.283379,42.035275,13.41324,3.355821,18.855105,12.685857,1.594545
5.751165,1.375943,-7.298819,-13.894696,3.129327,-3.911928,-6.629929,-13.552307,1.98975,-16.916428,2.742041,-12.995993,-1.80738,-3.771542,-5.779164,-13.3557,10.546912,1.279254,2.733332,11.199558,-3.284699,-46.537272,-1.3322,-10.946376,12.974107,3.922421,-2.25623,-10.318458,-11.590096,-7.927644,-3.489482,-22.569207,16.230583,5.897778,-0.710846,-11.550792,4.997178,11.552858,19.434387,3.96335,-5.036798,41.66686,-15.965867,-9.907257,-18.850057,-17.816169,-14.50991,6.121047,-8.565276,-5.397788,-4.258912,-10.165278,26.27705,-17.853563,19.892423,-1.069528,11.5852,14.80283,20.577879,-12.844615,21.666594,-5.370735,22.04638,-4.292312,-7.980478,-23.878392,10.737908,5.655249,8.551001,13.366469,3.703097,-1.789348,-16.138016,-0.636805,12.113325,-7.731033,-11.323714,-22.378203,-22.909935,-21.126807,-1.90464,1.818235,4.392797,1.67,-10.057175,-10.787402,7.530315,0.210645,9.065301,5.544918,-8.473457,3.380536,-9.339931,-0.352941,-33.291375,19.402793,31.066353,25.447937,1.540975,16.821512,-5.719661,1.853361,-4.250421,9.525663,-25.922545,28.776182,-4.856233,-47.580282,13.830864,16.555727,38.766296,19.841101,5.005059,17.239248,47.501898,3.582363
-12.412496,-5.71732,-13.717759,-17.468425,-0.205786,-6.251917,-6.087544,-11.480343,5.972356,-18.039536,-1.917019,-4.858902,-2.868117,-6.568703,-6.739532,-14.716947,7.319697,-1.53199,-9.060911,-6.017717,-12.588907,-33.985146,-10.509706,-9.945941,-3.815232,-1.465126,-7.786589,-16.795474,-4.119198,-9.028172,-3.541125,-5.537102,18.406897,11.034634,-8.509207,-8.683805,14.516767,0.205967,20.337194,-2.326006,9.339711,37.544831,-1.709777,6.784601,4.237276,15.176732,-6.055627,2.083429,2.732047,9.321169,-4.928423,-8.119373,14.764442,8.798316,14.124847,-4.229006,8.57069,10.149503,3.089428,1.367568,9.467181,5.128172,26.80564,3.86239,-0.041051,-25.714444,1.7475,1.696624,1.836357,-2.171041,2.958811,-7.224858,-11.048265,0.000816,3.235809,-9.558469,-15.857012,-39.33013,-7.033743,-27.637988,8.640368,1.229121,-2.435544,4.692654,-12.378102,-9.8671,7.937099,-2.668577,0.192889,0.373339,-3.759633,8.835993,-13.608823,-5.123947,-6.325643,24.457857,22.472619,10.820292,7.966252,16.438743,-3.534156,3.80348,-6.536887,-4.794973,-42.142074,-46.653811,4.099094,-38.414824,-3.64436,10.119325,6.281426,19.570598,4.214426,11.21829,61.071436,-7.246047
-20.363991,-6.641805,-20.285121,-12.867503,-6.794423,-4.949288,-6.250929,-1.678281,0.429003,-14.17351,-3.173383,16.552903,-3.630971,2.90723,-6.091582,-8.386116,-1.38718,3.257248,-13.591094,-10.786267,-12.851481,-3.760515,-22.286323,-1.836438,-29.334798,-2.470232,-7.586111,-14.872015,10.879869,2.906999,-3.61275,20.086199,12.146164,18.179613,1.179146,8.804886,13.573548,-9.820521,7.758474,-7.423355,19.784957,9.026333,10.598304,13.33976,14.243701,30.427302,0.335605,-4.585902,8.821553,15.902598,-2.898441,1.775057,-6.381332,34.937226,2.866851,-7.020724,2.936078,1.368823,-16.583471,6.549416,-0.161494,16.685263,17.833867,4.813443,-0.695054,-6.198425,-11.125348,-3.323522,-2.237536,-4.276974,-0.494411,-5.953226,8.636475,6.168369,1.046283,-6.609444,-8.229206,-25.97499,10.921365,-11.754046,21.077189,7.030801,-9.401415,8.067812,-6.687379,-5.332391,1.592727,-4.377341,-10.323557,-6.41979,4.608735,13.779651,-12.580311,-3.973488,23.778842,-0.017172,2.520428,-3.595116,7.151215,11.471467,-0.174013,6.970611,-3.450421,-13.046209,-38.28525,-103.919645,15.283937,-13.880349,-29.128958,-0.690573,-27.368981,7.761208,3.533502,7.08298,45.334282,-28.835206
-14.636135,-1.820303,-26.060184,-7.363068,-8.874801,-0.462986,-7.147157,7.325686,-5.870893,-6.759444,0.10619,39.205262,3.247402,20.174472,-3.627773,0.009849,-7.832446,10.366769,-15.081994,-4.806636,-5.639328,21.596601,-32.851652,5.83843,-43.367655,-3.926747,-4.954824,-6.250028,26.179095,17.069552,-1.542988,33.97314,2.036419,25.963854,19.612943,33.005618,3.028214,-15.090587,-6.1579,-7.456044,24.608843,-24.357794,13.128515,7.040305,8.066397,21.993838,1.012843,-8.926599,5.396658,11.401795,-1.198728,13.7646,-18.987802,41.734104,-7.25918,-8.392356,-3.47319,-6.480233,-24.366215,4.413263,-1.669842,27.979469,4.031326,6.27105,-5.936579,22.993574,-17.874754,-8.938101,-3.380418,4.747757,-2.093399,1.308274,25.771919,11.026893,3.839972,-4.423633,2.048918,2.654437,23.237726,11.153684,27.603216,13.759305,-10.959207,10.653433,0.531282,0.194185,-4.016526,-4.338249,-16.912069,-11.274466,9.053212,15.495813,-6.976302,1.228716,45.408732,-30.541471,-15.867198,-7.786962,0.86259,3.878447,1.235129,8.71116,3.702494,-13.812654,-24.306423,-123.498504,20.966204,7.607796,-46.931198,-8.792397,-38.481734,-8.117262,3.757861,6.467547,14.419916,-49.350618
-1.338684,4.323123,-25.886181,-6.307463,-3.028476,3.598901,-6.849095,8.715776,-3.436989,2.211433,6.749733,49.237418,18.77537,33.709905,-0.090863,4.170503,-5.360977,11.546321,-15.939273,1.393423,1.09579,23.958226,-34.746901,7.042998,-34.077394,-8.106445,-5.99231,2.789156,32.287955,21.22982,4.158977,30.543692,-4.973729,31.763841,27.812243,45.664766,-5.464874,-12.600513,-8.409857,-3.208934,21.956055,-35.369628,8.124945,-1.927166,-1.949483,5.619125,-1.732748,-8.781814,-0.252529,5.448563,-1.02581,19.970569,-12.116489,27.536085,-9.161949,-6.678662,-7.016647,-9.162216,-13.428039,3.357639,3.924401,36.820707,-3.103832,13.768629,-6.357859,41.824739,-13.706574,-14.051953,-3.254741,9.063069,-1.050854,6.878445,26.113052,9.900239,2.215559,-2.462011,2.258011,16.261267,25.650694,19.34481,24.853066,16.078261,-5.200056,12.643264,4.199384,6.022748,-1.682967,-2.534143,-15.108739,-9.798599,5.366991,11.823226,-2.001283,4.009448,50.527381,-40.160195,-20.984876,-2.840079,-3.890692,-2.400044,0.228967,6.386282,10.146297,-10.555902,-9.435208,-97.467984,16.140633,13.293846,-46.536243,-8.793964,-25.697342,-15.874645,2.375581,5.627021,-7.227963,-53.105725
10.591523,8.686432,-16.758038,-7.084874,6.393836,3.924325,-3.196079,5.287378,6.176149,9.063764,11.616191,42.763619,33.078429,34.681038,2.94399,2.869456,3.52653,5.000849,-12.981926,2.518825,1.726163,5.932308,-24.330086,4.177014,-9.373113,-10.729631,-10.041465,7.85783,25.459423,14.925385,8.959171,21.212188,-5.31684,33.071931,17.769473,40.162683,-2.324341,-2.624476,-1.263568,-0.333391,12.802442,-17.294152,4.767017,-0.823113,-2.4486,0.901832,-3.938185,-4.78811,0.75099,7.545807,0.291431,18.825355,6.309146,8.349,-2.533716,-1.326408,-4.562024,-6.318617,10.733755,9.408018,11.198947,39.301428,0.421723,22.341333,1.547933,40.24772,-2.203172,-13.660104,-3.169084,2.043442,-0.692656,6.007741,12.636874,6.168456,-7.242141,1.652271,-7.690478,4.571996,24.617573,6.448626,17.621541,14.940076,3.707702,15.125427,5.601749,14.15297,6.820249,0.677418,-5.904704,-1.642093,-2.302625,4.588501,-0.781332,1.142139,39.840087,-28.941382,-14.17523,1.632551,-2.334735,-3.79636,-0.628161,1.09442,12.631959,-6.067,5.004163,-37.024344,5.882718,9.970735,-31.694626,-1.616632,-7.429019,-13.248681,-3.432931,1.790353,-9.73099,-35.784627
15.054861,9.71948,-4.939423,-4.936567,11.476138,1.021718,2.891028,3.813992,13.352159,10.261846,7.965951,25.052072,33.168414,22.152033,4.065867,-0.459232,8.879551,-3.161034,-3.991127,1.360679,-2.753877,-13.552829,-8.20513,2.622155,11.192706,-8.083222,-9.984377,9.219697,11.084016,6.881244,6.959799,16.140651,-1.407036,26.24934,0.280979,27.562977,8.71697,8.27052,1.772855,-4.169569,4.124388,8.708954,8.090977,10.268531,6.462936,9.771133,-5.810005,-1.228332,6.894525,13.889384,4.910984,15.238704,16.814077,-0.943532,4.529911,4.340915,2.856219,-1.265029,32.779184,19.215807,14.51345,31.093887,8.729624,21.75939,11.034132,23.552745,8.049604,-4.899391,-3.619088,-6.848986,-4.217074,0.496207,0.10122,5.486624,-17.248685,3.60777,-15.611946,-14.01948,32.810024,-13.721603,14.297346,14.494377,8.572991,17.128697,7.859308,24.020562,12.479928,4.313802,3.843072,6.962792,-6.336308,-1.517802,-1.280441,-3.629719,20.805164,-20.406247,-8.50641,-2.557018,2.536741,-0.507225,1.009158,-2.5754,11.649407,-0.28148,19.125844,25.578021,1.273,13.986275,-16.108573,3.761203,-3.815273,-9.813652,-12.605123,-2.050172,-8.211176,-13.514544
10.818849,5.886504,-1.95718,-0.699767,8.049616,-1.410422,7.35725,5.052302,13.308414,6.405267,-5.792068,2.776906,16.759054,1.557071,3.36393,-2.282062,3.990285,-7.34028,5.864704,0.993863,-7.675193,-18.318911,0.954049,3.125314,14.620618,-4.083666,-2.40321,8.850308,-0.637417,2.712111,0.310062,12.931873,1.753827,9.552623,-7.8345,21.355128,14.980418,10.585999,-5.692919,-13.842725,4.162832,16.010544,13.142283,17.41624,12.718919,16.503464,-10.550598,-4.27088,7.709225,11.416414,9.624746,13.428156,8.067926,-1.182273,3.089072,4.659367,9.940674,2.595328,38.037831,23.251115,11.741552,12.777866,13.3008,9.523887,13.629005,3.62007,10.348313,6.356433,-4.531261,-6.840843,-10.550258,-5.55557,-2.134588,7.451839,-18.412289,-3.801949,-12.572182,-17.797543,53.34146,-23.419415,18.54485,15.556943,5.515773,14.954165,10.022359,29.393475,9.18138,6.764498,6.641665,7.754221,-4.312549,-3.73323,-0.385583,-4.606287,1.442307,-30.531982,-13.865744,-14.398271,3.353595,2.949392,4.118606,-1.230755,8.967223,6.788431,27.575142,57.105365,6.287181,28.357894,-10.130574,-3.360069,-19.776749,-13.00947,-19.403167,-0.493464,-24.239903,-10.153026
1.780327,-2.09296,-11.153771,1.450906,-0.735592,-0.686392,7.471443,4.372343,11.752352,3.071303,-21.811203,-18.095317,-3.269202,-18.372039,2.957297,-1.187126,-6.662249,-9.605629,8.514168,0.589406,-9.387406,-8.160245,-2.940418,3.887619,4.130021,-5.975356,6.241199,7.090573,-2.521171,0.322068,-0.667633,6.630598,2.307046,-10.039625,-1.306126,22.076474,10.082915,1.425817,-14.119593,-21.937966,12.942609,0.823482,11.617218,9.626678,7.391497,9.191364,-17.121368,-15.28588,-2.707253,-4.343647,8.351257,12.509777,-11.863908,-1.927212,-6.970679,-1.838505,12.053446,4.969051,24.340444,16.292355,5.417875,-5.569914,11.465483,-4.306916,10.310758,-10.007251,4.769549,10.325273,-4.590821,0.732507,-14.844744,-9.706742,1.78899,7.097609,-8.874822,-17.356183,-3.395388,-6.919343,71.176834,-18.815476,25.883822,15.133667,-1.960997,6.706283,8.989168,24.328346,0.460719,6.900618,1.284448,-1.037471,-0.669567,-3.587124,1.391576,-1.316614,-13.358185,-47.919159,-24.827045,-24.451756,-2.376432,1.974112,5.073679,3.397226,4.801129,11.948031,23.69211,51.251307,11.427064,36.028696,-11.583239,-23.818947,-42.059626,-16.721454,-17.203587,6.787724,-57.342407,-31.124259
-4.234492,-8.053519,-20.884532,2.663395,-7.329977,2.070709,5.681655,1.952776,16.261184,5.716881,-27.802561,-28.866103,-10.646423,-27.646731,5.785099,3.90182,-11.577098,-15.591218,3.988353,0.671068,-6.33084,5.797079,-11.890322,7.81357,-7.469485,-13.500892,6.719013,3.50526,5.367228,-2.368509,10.35511,3.498553,3.072159,-17.184679,10.402585,20.667109,1.688066,-9.862745,-9.956306,-20.84317,20.625979,-14.298887,3.327552,-5.537028,-4.394568,-3.476286,-16.987935,-25.072774,-16.753484,-19.690784,0.41479,10.338347,-24.811892,-3.869057,-16.095731,-8.269616,10.054463,7.957255,4.533076,3.912943,0.252971,-8.981992,7.297766,-7.287898,10.803865,-11.381807,-2.538028,5.823611,-0.825684,9.070874,-13.079673,-10.302151,3.27933,3.980733,6.132273,-21.165271,1.053376,2.196265,66.288591,-9.967475,28.672888,12.317764,-5.253551,-2.66136,6.342425,12.416187,-4.677612,5.495819,-5.406256,-11.514071,0.248118,-3.814409,1.643531,1.39723,-21.058641,-47.900471,-26.121154,-22.757025,-7.852506,-2.86859,1.72955,6.13835,-1.260333,10.736071,9.177802,31.360776,3.864255,19.691003,-9.291142,-43.697838,-50.687855,-8.353434,-3.908937,13.104082,-80.360395,-53.251457
-0.097193,-3.839578,-15.127865,10.440833,-6.136108,3.815417,7.386727,6.334014,24.858462,13.184252,-18.38481,-20.561793,-2.347716,-19.300524,12.966362,14.390639,-4.256731,-24.100997,3.042728,7.420075,2.28663,15.316527,-11.135892,21.213056,-11.187203,-16.499284,-0.791297,-0.128865,17.604878,-0.791757,25.34287,15.409592,7.065664,-1.478002,15.60504,13.615368,2.140009,-8.91509,6.88218,-9.887822,18.089457,-5.774538,-1.519771,-7.302821,-9.206166,-1.163259,-1.276966,-18.306091,-20.520397,-15.458449,-5.883808,9.195203,-21.634052,4.204876,-14.918343,-4.772122,9.100613,12.597571,-4.400339,-2.377148,-1.252193,8.292026,5.406289,1.437442,20.872471,2.121465,-4.698376,3.90241,9.383609,21.304004,-5.882171,-5.102642,1.99284,4.933232,21.344157,-3.952706,-0.804115,2.510709,37.080947,-5.645897,24.086548,11.71883,2.005909,-3.571518,9.187039,6.449889,-1.694683,4.945161,-4.762445,-13.216541,0.188703,-4.182495,1.327513,0.295859,-20.433504,-21.893643,-10.450482,-7.203598,-3.592119,-5.83204,-3.778272,4.022047,-7.385458,2.999262,-4.554733,22.174102,-16.34681,-14.70111,4.818672,-44.461317,-34.825714,13.737191,15.345285,11.45347,-67.286899,-46.954621
13.934398,11.358323,8.619431,28.256806,2.189254,3.579306,14.342211,23.317656,26.551708,17.375304,-1.126134,4.979105,8.110904,3.426904,21.705288,28.176717,10.160806,-25.036578,15.604627,26.156609,16.010101,21.919989,5.551795,42.964128,-7.704592,-5.732306,-5.342356,0.136849,27.805269,10.332487,27.720811,40.365885,12.53937,28.719113,13.006098,8.586029,13.189803,8.595104,21.899515,3.875557,7.675654,24.259678,7.008159,15.956421,-0.596194,23.337636,28.087911,11.977774,-9.22024,10.67095,-0.777648,13.997548,-9.84519,28.077527,-4.253815,10.381716,12.409382,17.253297,3.443261,3.519108,-0.981644,32.665107,5.9126,9.893555,33.308534,25.563084,0.522341,15.640205,24.830389,49.494096,2.268935,6.178017,5.365163,14.869025,34.498385,23.93978,1.196585,6.319441,6.180137,-2.653765,16.672977,18.657772,17.750795,8.48314,21.773589,15.717418,5.108798,6.832824,5.017572,-3.86716,3.987788,-2.114522,4.749415,-1.67242,-13.117933,13.057357,11.935143,14.138717,11.407745,-2.134994,-6.951967,-0.645707,-9.695553,-4.743644,-6.269675,25.31992,-33.619608,-39.658613,27.24058,-20.412319,-0.8427,34.996601,30.61106,2.298972,-23.704476,-9.274885
28.119481,27.205944,34.864012,47.226728,11.712093,3.416957,21.492959,43.838047,13.485589,10.795971,10.286354,29.735793,4.980958,24.903943,26.174735,36.544666,20.618202,-10.736859,37.525908,50.980528,31.029899,30.692426,29.180053,59.685291,-2.117761,15.629943,2.287568,6.628431,31.346205,26.109986,10.168675,57.436589,14.112195,50.58307,11.052758,13.876379,23.356263,30.261066,22.549243,12.214549,0.332092,48.941565,26.506765,52.082831,13.968938,53.08866,56.194776,53.589775,7.123831,38.206094,15.578822,24.170118,-2.445035,53.042908,6.071459,26.601177,17.354395,19.919899,18.10483,16.333518,-2.674479,39.767065,6.139434,6.910394,34.886676,44.200964,9.693713,38.030368,39.536807,94.59596,7.309221,18.960546,16.403223,27.494021,43.135676,38.161602,14.8292,26.419125,-1.684519,8.351314,13.126272,31.497805,32.310965,25.937881,38.017149,34.380548,8.033683,9.823015,16.54003,8.174921,11.75488,2.735982,12.832946,0.652017,-4.145232,33.802799,23.687033,28.724684,26.71839,6.350712,-5.645059,-3.292329,-6.311107,-4.359229,5.426947,29.184881,-32.357289,-32.621961,45.969082,14.756534,33.346257,39.56991,33.472858,-6.678845,15.786536,30.817759
30.378909,31.380003,45.219988,52.917081,16.223733,5.157552,21.719126,49.266493,-9.553406,-5.093781,9.33193,32.677159,-13.067504,27.557189,21.732534,29.512341,21.094904,12.112155,52.118633,66.017291,40.90341,41.140961,44.599017,57.310077,3.592777,34.041546,17.824613,17.137581,26.429888,32.457868,-15.237027,47.91498,9.243969,48.857384,16.697113,27.142733,21.121605,37.745891,12.110178,13.036524,2.350688,44.550213,42.753372,75.328564,22.068575,63.599898,66.175175,81.811566,14.303879,42.915208,31.306653,30.394999,-2.600518,53.860977,8.166355,30.422957,18.566634,21.028792,24.33702,24.951763,-7.271215,17.827099,5.430453,-4.857707,21.848104,42.820785,17.410983,55.944637,46.336791,133.905754,8.756253,26.559183,26.87649,29.832946,42.883936,27.252291,32.814279,54.479813,13.722314,29.22127,15.173851,40.99976,36.13171,34.356543,45.565817,45.635985,4.298948,10.678128,20.201958,13.038538,17.139657,6.664216,19.045326,7.300884,2.683571,34.86358,19.054142,29.16849,30.072601,12.69351,-2.244033,-2.356116,-0.134508,5.715694,23.046603,36.094753,-13.408115,2.084912,51.403293,40.620344,52.770987,27.753944,22.922708,-8.481851,22.176425,43.729055
17.437902,22.730111,36.31813,41.002349,13.925877,7.337062,13.593688,31.390004,-28.770894,-19.565599,2.140449,11.336784,-31.799463,8.605693,9.364515,7.320492,14.562192,25.947363,46.305463,59.993364,41.451525,46.812547,44.739145,37.117493,11.22672,38.843401,27.04461,26.40335,15.285719,21.049393,-27.033665,18.697022,2.140538,31.754081,26.829326,38.400609,8.020248,24.831226,4.486094,11.068017,8.571499,15.072804,43.011387,70.672532,19.893049,48.258548,53.240532,79.873244,8.525291,21.032587,33.932164,22.881291,-2.490644,22.029516,4.034803,19.448553,13.978042,22.283976,16.365774,23.258657,-11.534304,-17.713519,5.902324,-11.906034,4.967578,21.121434,20.7705,58.32228,41.782385,137.413238,8.797583,26.722843,25.857874,16.864224,31.821587,6.655663,38.503311,66.72425,28.447514,49.629616,17.995675,38.487019,27.6094,26.137561,38.010509,38.726297,-2.013564,7.758196,13.546938,9.880785,14.603389,6.116304,15.549033,12.317425,10.485251,29.67218,8.951069,18.932074,19.535455,12.199412,-0.731845,-0.426359,3.836677,18.018135,38.443106,63.642519,7.300012,38.648639,44.187525,48.932434,56.084609,14.649496,6.006808,-3.197072,0.445133,31.880058
-1.540704,12.220786,20.628126,22.497561,8.047788,6.554417,3.254349,3.563063,-33.344499,-21.497265,-0.668731,-13.423561,-36.173042,-14.810916,-4.023794,-15.172468,7.032007,19.625298,23.690294,37.579533,34.614652,42.872572,34.592361,15.441534,21.165771,31.243401,21.088597,29.847859,4.330619,0.520386,-14.822137,-2.809232,-0.414862,20.768519,30.836765,41.564683,-3.762526,3.282274,7.07893,11.543971,10.542497,-12.994278,27.975624,46.002874,14.437552,23.501192,27.866401,53.459994,-1.288569,-7.67111,22.580446,3.095856,3.854284,-20.902166,1.61053,4.956614,6.222347,22.55141,1.408725,14.863749,-11.759373,-37.018927,8.142276,-5.754653,-2.633678,-3.363405,20.311916,48.422359,27.507115,98.305902,8.89484,23.30703,13.12573,-1.743862,14.907566,0.965448,24.093833,51.251956,22.2969,55.836772,15.246947,24.065037,13.72427,8.199072,21.050926,19.896664,-5.418678,3.036875,3.183549,6.580518,6.426172,2.632139,3.404856,10.793477,26.662893,31.390588,6.761787,8.711133,4.852654,6.848065,-1.993436,-0.239684,3.802626,22.748744,47.459543,112.964052,15.620939,53.674632,33.082646,48.177521,52.830748,11.818719,-7.748877,3.81625,-19.695134,24.586243
-13.532936,9.311304,10.959695,11.201199,3.350916,1.799171,-1.8138,-12.177341,-23.037481,-9.274007,3.881086,-18.356667,-24.231051,-21.00994,-10.60974,-19.921943,0.517688,0.578454,0.110648,13.631269,26.0177,31.270755,22.791839,5.636972,29.584539,20.100129,5.902681,25.343974,0.332656,-11.350193,11.334251,1.287986,3.145624,25.158035,20.589391,37.757058,-5.50273,-9.748872,12.780531,14.200202,8.461269,-19.165287,9.802519,20.594159,12.885962,8.891941,5.762236,24.229218,-4.772492,-20.733826,7.686691,-15.298374,11.297258,-41.538783,4.437234,-0.398937,-1.739714,16.913903,-10.438371,7.45992,-8.123879,-25.546299,8.397595,6.841274,-0.330486,-12.401199,17.27461,35.980312,7.585875,41.802706,8.087506,20.138179,0.130059,-11.91665,0.90228,14.964898,0.009324,22.736612,1.653515,42.126902,5.019906,6.182904,2.985964,-5.269451,5.34431,4.462904,-4.722402,-0.026049,-2.594701,9.046099,0.1281,1.381708,-6.712607,4.783185,51.236973,38.251505,12.555029,6.507767,-3.245867,1.803568,-2.888007,-1.012726,2.399606,17.00942,47.68227,148.674943,11.583636,42.157638,26.199049,49.651899,50.882284,14.685684,-13.527942,8.585368,-18.313477,40.765917
-13.689723,10.390531,8.11801,8.531747,2.06019,-3.683768,0.114337,-8.189656,-5.741689,7.719488,8.97505,-2.42094,-5.982341,-5.506152,-7.853557,-3.559793,-6.485214,-12.405162,-12.453539,-2.177071,18.803848,17.798735,12.902233,4.388758,32.281849,12.25365,-4.739785,12.748318,4.108605,-6.550109,31.904827,20.195178,7.43327,32.114258,-1.960669,27.497003,-0.262212,-8.286527,10.133787,14.518355,10.912022,-8.796457,-0.755672,5.159674,13.326913,6.564541,-4.357321,9.534934,-0.927318,-14.41416,-0.801775,-19.121081,10.280505,-26.16478,7.951356,4.206494,-10.062123,2.114941,-16.91817,4.081123,-4.18563,1.209893,2.354909,11.779156,0.826161,-6.784059,11.348156,23.45237,-13.827381,0.171495,5.075365,15.498817,-2.972129,-10.182566,-5.46972,29.228394,-15.22683,5.905347,-10.133797,13.827872,-8.95461,-6.135172,-2.086489,-7.126522,-4.939034,-0.738954,-2.830778,-0.493306,-2.166385,13.315835,-0.511096,4.36373,-6.133753,0.477604,69.71498,39.500842,15.083537,11.09686,-3.225543,-1.088967,-0.235877,0.103306,2.283245,6.825496,36.343924,127.968313,4.528145,13.601987,24.724433,52.761775,48.3653,10.748242,-13.469077,11.557532,-3.941948,64.926416
-8.027929,4.547654,5.166393,4.65954,2.886244,-5.548782,4.811857,2.619235,9.629039,17.370809,7.562461,13.544023,8.757462,14.714194,-0.149055,18.004462,-13.2914,-7.986355,-15.071577,-11.129684,11.575764,6.401245,4.298066,-0.128895,29.919437,9.621696,-3.869243,-5.626802,8.776965,5.567435,36.585707,29.505217,7.071481,25.392184,-25.607065,6.717413,3.681237,0.042091,-1.512426,10.706298,22.739459,-2.867948,-3.601073,-3.981969,8.484223,3.606363,-3.82849,9.886415,3.43463,-3.332144,-2.544992,-8.702876,0.767299,7.811492,6.512552,8.982602,-19.43966,-16.976445,-22.45658,1.448113,-2.182777,15.235472,-8.402114,4.706925,-6.522313,-4.605881,2.309694,6.285889,-31.81562,-17.493249,1.595482,5.957444,2.039468,-5.10835,-6.249611,25.640793,-12.436628,8.51769,-2.834172,-17.650883,-20.936312,-9.706119,-5.379267,-2.673314,-13.881831,-3.622339,-2.268694,-0.987322,-0.805074,10.51714,0.881091,7.10299,1.370966,0.478951,63.614991,31.713313,8.467696,15.537375,-1.075087,-4.230407,5.000492,3.533577,2.042082,0.014998,13.802863,51.573255,-0.056081,-19.758258,24.439124,47.670077,39.469801,-2.658159,-12.208196,14.170895,3.631789,66.389972
-4.873496,-10.101651,-0.083365,-6.016297,3.388491,-2.92797,7.927361,4.289763,17.388134,14.948351,1.356322,11.808082,18.141862,19.933985,5.505608,25.167402,-15.322891,7.968803,-15.463302,-16.475862,3.01839,-1.621762,-1.751499,-9.364492,27.074336,13.093621,3.198863,-23.197984,6.603625,10.759434,30.833487,21.127376,3.703416,8.64871,-37.715731,-23.937513,4.292098,6.064344,-10.488906,7.657805,36.954934,-11.16621,-5.860108,-13.434112,-2.889644,-8.046795,1.756299,15.194303,3.796211,-1.627578,-3.355531,3.070397,-5.368643,30.928487,1.523775,6.964196,-26.6501,-28.738307,-28.409033,-3.333982,-0.54809,6.404035,-15.98988,-3.179424,-15.752889,-18.339616,-6.624371,-13.259589,-39.995061,-26.053362,2.53272,-4.910705,5.902232,-4.439416,-4.963118,10.044988,2.436663,16.749938,7.297527,-40.532706,-27.312817,-7.041043,-10.72338,-0.913187,-24.727392,-14.525667,-2.489231,-4.249952,-3.251089,-1.106373,-0.440387,4.006112,4.031372,1.314864,31.661957,24.253755,1.564029,16.276182,-0.376138,-8.727063,8.384583,5.901461,-1.756092,-1.858886,-12.271083,-28.13432,-4.616585,-47.589144,21.883804,31.291767,26.416909,-13.919723,-11.19767,14.661942,1.832983,38.217887
-6.033707,-21.233293,-1.941118,-15.740173,2.620265,0.882485,9.048144,-3.288273,15.411694,5.75389,-1.721155,-2.643875,24.20824,8.429866,5.313942,14.180668,-9.666207,20.806128,-16.491038,-15.111343,-3.600379,-4.392248,-1.662131,-10.980073,25.538551,23.127308,7.283905,-30.353158,-2.004263,6.374994,25.207478,10.201726,3.459778,1.857468,-33.002836,-49.449384,6.780912,9.032173,-6.610752,11.997859,41.035242,-21.07316,-11.794087,-21.537345,-12.306288,-20.505819,7.968906,18.592421,3.194801,-8.557479,-5.41706,4.268035,1.765984,28.664918,-0.268293,2.417624,-26.183637,-25.130679,-29.126241,-6.879692,2.534232,-9.328075,-14.114158,1.424747,-14.584241,-37.961043,-9.404922,-20.453225,-34.217713,-38.189053,11.315353,-6.348169,4.341339,-5.442416,-1.709845,2.967787,17.483751,16.206389,-2.307256,-46.224309,-27.913393,-2.658823,-16.372662,-3.344384,-32.823795,-30.803893,-1.656033,-9.269798,-7.858755,-12.212404,-2.945339,-3.788759,-3.061282,-0.881308,-2.589807,27.839568,6.862478,16.588451,2.161429,-10.653718,6.84657,3.850396,-8.829536,-3.487311,-29.997447,-59.477822,-11.431625,-60.018445,18.08501,15.168718,20.658075,-11.487736,-8.595682,9.365336,7.490869,7.114575
-7.732798,-16.830871,3.663091,-13.172874,1.338181,2.199619,9.608962,-7.141713,5.0149,-1.382924,2.064812,-11.099622,25.324946,-4.40987,0.473138,-1.160022,-0.490104,21.887206,-14.491797,-3.680185,-3.237733,0.593202,4.052073,3.00132,20.664191,34.001821,6.027319,-21.411233,-8.530078,1.560356,21.649576,11.286317,7.384638,13.16814,-17.032136,-49.327496,13.554,12.750853,6.331589,22.971361,29.566606,-14.801639,-18.624833,-21.980967,-11.084955,-21.273001,11.237401,20.07741,6.6737,-13.375065,-4.786016,-5.263106,16.340377,8.839944,3.732288,3.560025,-17.829673,-10.852026,-20.264596,-2.934908,4.127623,-12.844414,-5.887648,16.341689,-1.923982,-41.895358,-3.242836,-3.498369,-18.662034,-46.996644,24.76459,7.423313,1.663005,-0.868684,4.080044,11.085767,25.511291,9.663701,-31.315609,-33.058663,-24.862458,-0.934139,-16.964781,-4.163255,-30.640234,-38.006042,0.340127,-11.874975,-9.158725,-12.257095,-0.879432,-8.457978,-11.124194,-4.587251,-10.532157,40.7414,22.185638,19.829012,9.687067,-5.481403,2.080759,-1.701807,-13.713162,-8.449774,-32.32681,-44.593402,-15.823697,-50.377705,16.507723,13.411495,28.873167,1.449202,-4.48683,-1.855841,30.174228,1.330782
-8.15256,-1.878513,11.489468,0.382443,0.334927,0.58904,8.917397,-0.497458,-8.656791,-2.667622,7.4394,-6.191574,16.993036,-6.315476,-5.63396,-7.040892,3.902379,13.212007,-7.769426,9.645109,3.745907,11.408164,8.012238,20.566105,6.950759,32.352193,4.253391,-1.810553,-6.934403,2.564672,12.857776,16.352927,7.66813,22.881063,-1.615909,-20.589234,17.697359,15.599303,14.196019,30.231838,8.401594,6.732821,-21.91409,-15.474136,-1.414878,-11.309426,7.24292,18.642389,13.080464,-10.435415,0.905517,-16.619921,21.149262,-12.66911,7.261105,9.459771,-10.166663,-0.240723,-8.390937,8.097407,-2.022295,-6.817901,-1.81917,23.62952,8.327903,-23.778007,6.239319,27.06213,-6.049172,-39.234814,33.616124,26.639349,1.668212,8.471052,8.321656,17.680872,25.301263,9.370775,-54.188613,-9.579066,-20.912418,-5.437905,-10.605084,-0.592306,-18.698224,-27.196539,1.759788,-9.422399,-5.228071,-1.969165,6.608144,-4.440768,-8.262044,-4.998809,11.739036,48.864023,29.358348,21.38965,16.76122,4.267403,-1.349991,-6.317691,-11.449305,-13.790723,-21.956941,-27.996459,-11.171015,-22.556371,18.310908,24.52313,40.539833,10.549367,-3.83586,-13.109139,52.751343,16.37122
-10.20855,5.309995,12.758852,10.030021,-0.502076,-1.59364,4.761469,7.421168,-18.395388,-1.515361,6.927289,-0.770509,0.224411,-2.304959,-10.650304,-4.980328,-0.010008,0.453815,-1.839421,8.013624,10.106649,18.992457,3.597292,20.018842,-12.567158,8.813634,5.466243,13.723631,-2.381767,3.682963,-5.426128,4.974894,-3.304623,4.558193,4.755639,13.092936,10.173043,10.325235,8.070841,23.090588,-12.297942,23.406353,-21.874427,-11.708032,5.475031,-5.453035,-5.869482,8.273256,15.367049,-5.033924,6.091357,-22.618153,6.822327,-27.260257,2.230826,9.255246,-12.722925,-3.376982,-7.052863,15.767201,-17.207838,-10.842483,-8.872169,8.989359,2.455104,-2.277178,8.597788,42.781475,-7.790338,-18.854105,30.070189,32.633653,0.065536,12.570572,4.733257,5.571931,17.391496,16.803982,-48.31669,8.548691,-18.007177,-16.627393,-2.425024,1.217464,-7.713325,-7.731162,1.489791,-4.086686,-0.519615,6.795657,12.034308,4.403075,5.109388,-1.00828,37.015263,39.239626,14.293111,11.522413,12.818106,8.972801,-0.805359,-6.858774,-3.762235,-13.199241,-6.781268,-35.207126,1.211267,8.112258,20.210647,30.406752,36.062679,7.417565,-11.640414,-16.596099,47.761958,21.637021
-15.601802,-5.105946,6.910635,4.161894,-1.385581,-2.492235,-2.046706,3.849035,-19.689719,-3.027082,0.420094,-9.592557,-14.816563,-5.715202,-13.557477,-6.767546,-6.841221,-13.171348,-3.11392,-14.531011,9.41609,13.525771,-5.45425,-3.616614,-25.197671,-27.044467,6.54493,13.17825,-5.929152,-3.926047,-24.812287,-25.524351,-20.74476,-38.892122,3.355364,22.518945,-7.569517,-4.677842,-5.918293,2.58374,-25.682766,19.966503,-21.923764,-17.345762,2.515844,-13.839038,-22.16105,-13.067751,9.264233,-4.383289,2.53323,-23.189411,-16.045202,-34.561478,-10.561629,-3.704738,-23.922435,-15.607758,-20.948843,8.977445,-32.162695,-32.482479,-22.209357,-20.222784,-16.659708,-0.70442,-0.556966,26.293702,-22.001293,-6.200569,15.888603,17.430328,-9.445009,5.009885,-5.799325,-17.516975,3.859767,19.032834,-19.646316,9.89963,-16.035224,-28.91413,0.136765,-6.50442,-7.763158,0.765308,0.429025,-0.686082,-0.648645,4.259588,7.891571,8.777396,15.54502,2.849163,34.720666,12.306012,-14.336691,-11.755701,-4.295051,1.868564,2.261678,-4.345225,2.396598,-4.845741,7.424924,-41.037616,11.607046,25.649936,17.03218,16.071437,10.382345,-1.369944,-24.947448,-9.171745,12.359865,0.012449
-19.133495,-21.065483,2.77919,-11.560618,-1.795939,-2.548736,-6.313643,-9.713291,-14.395295,-7.510733,-4.834838,-28.002362,-17.153503,-18.563386,-13.46086,-16.561406,-8.49551,-24.614617,-9.309211,-40.340727,3.82491,-5.056166,-7.331346,-29.383946,-19.845003,-48.983301,2.293265,-1.65512,-19.835313,-17.825479,-30.009658,-50.233927,-28.415441,-70.146477,2.08735,3.740529,-22.268057,-18.432656,-13.369671,-17.128017,-29.023939,4.932134,-22.232436,-25.777197,-4.90002,-28.168388,-29.608456,-33.564693,-0.722284,-7.270999,-9.456135,-21.078418,-26.824525,-34.893645,-20.535414,-20.508298,-29.877047,-22.356773,-36.885603,-10.544392,-32.938691,-51.787895,-29.112648,-39.694257,-31.794983,-20.000698,-13.038209,-7.768602,-32.990095,-11.980421,2.22309,-5.875146,-23.105601,-7.251644,-12.414703,-25.981092,-8.382291,7.163475,3.723321,-2.281187,-12.732885,-32.733098,-4.689551,-21.53285,-16.881356,-10.84519,-0.022712,-1.462458,-5.656719,-6.355827,-3.13987,4.80103,12.245636,2.512129,4.634568,-18.536682,-31.402239,-34.958317,-21.611139,-11.845412,4.702578,-1.644732,2.77105,5.714174,17.925956,-9.79052,12.435407,25.53582,6.568475,-12.158767,-15.903643,-4.139325,-32.256874,5.439162,-22.089374,-29.216454
-12.949163,-21.72687,6.527042,-20.915563,-1.275466,-3.017396,-3.814899,-18.365686,-8.857924,-10.323049,-3.772819,-35.758776,-6.921817,-27.182304,-10.004473,-24.000601,-3.513749,-27.2291,-10.409511,-42.741318,1.337163,-24.850443,3.722772,-32.747028,0.084851,-37.851821,-6.706846,-17.094953,-31.648772,-24.624659,-14.919393,-43.32257,-15.07073,-55.632684,5.564463,-17.991575,-22.224335,-17.030412,-7.05707,-21.146066,-22.000174,0.067576,-18.311425,-23.843047,-6.271306,-31.376712,-21.1801,-34.848207,-5.87727,-6.375406,-19.006196,-16.415683,-16.506275,-27.326926,-18.214811,-24.300394,-18.268152,-14.720742,-34.96833,-26.587615,-14.429455,-41.676969,-21.408964,-32.143345,-29.953487,-37.300986,-15.075562,-27.407691,-25.531555,-21.718272,-0.354162,-15.911179,-27.215339,-10.950837,-5.644866,-8.744629,-9.922774,-8.853079,1.632826,-12.603322,-5.954923,-23.143347,-10.942353,-31.401488,-23.04543,-31.113132,-0.058697,-3.916448,-10.024475,-12.983637,-9.855441,-1.516751,0.016694,0.184132,-21.535077,-37.707323,-21.59029,-38.797067,-22.42183,-18.495759,5.112857,0.398454,0.600813,11.084243,21.049876,45.797958,6.263844,15.179006,-7.353181,-31.899909,-15.982436,0.461903,-23.601407,20.245293,-21.554176,-33.249484
2.970507,-2.6867,12.255387,-16.35835,-0.724682,-3.717449,2.639657,-12.683452,-7.797102,-7.8643,-0.19225,-21.811236,3.646191,-19.26716,-5.148336,-17.864442,1.677905,-15.120283,-0.604964,-15.576876,5.144701,-32.502105,18.104256,-14.242271,17.069867,-3.753787,-13.418312,-21.115958,-26.731143,-16.004459,8.416159,-10.461271,10.959365,-5.416328,9.316715,-17.896724,-10.12459,-0.417639,5.91109,-8.052072,-8.578525,12.617952,-7.782979,-9.023387,-0.131631,-19.435777,-4.352175,-13.366562,-3.123757,0.309148,-16.432232,-8.402394,3.251459,-14.849601,-5.484888,-9.815781,6.989635,1.034601,-9.76561,-23.068059,12.64749,-1.435121,-3.396948,-5.035619,-15.522566,-31.584726,-2.048029,-18.992173,-0.483904,-14.790197,7.47833,-6.058175,-13.750506,-2.382866,8.889434,14.566412,1.320135,-11.004914,-18.804269,-8.359248,2.984576,-6.863279,-11.360408,-26.576031,-17.683758,-40.019884,-1.127324,-4.141298,-9.196981,-8.753564,-5.439053,-1.907426,-6.728237,1.327894,-14.785125,-37.813859,3.723311,-17.666564,-5.120793,-9.74447,4.248445,3.076373,2.212429,9.37285,12.77796,68.808423,1.072418,4.441958,-16.378832,-28.438774,11.313489,2.516111,-1.500957,29.787352,12.519232,-6.487382
17.656175,17.526439,8.894496,-6.801208,-1.782325,-3.095861,4.904006,-0.961696,-10.190341,-2.407364,-1.821272,1.255354,2.645796,-0.599691,-2.731516,-2.635924,0.879013,7.885107,13.414393,16.747129,8.659325,-25.786676,19.614005,0.805569,14.995868,20.29352,-11.818016,-14.062974,-6.358484,-0.053976,18.844751,13.709531,27.168958,33.478879,5.572614,-0.364234,0.182792,14.867183,12.324221,8.822629,1.280713,25.02482,3.64477,4.649792,3.068351,-7.502506,3.809126,9.867723,1.797206,4.818857,-5.105745,-0.411086,13.81194,-5.679348,6.672372,8.660842,27.842412,10.662453,22.59285,-0.66299,30.21731,38.177601,12.674314,17.334835,-3.46148,-5.814687,15.407249,-1.772255,25.20165,5.123072,13.843802,8.537583,7.105047,8.002052,13.214138,16.320533,14.438043,2.840298,-34.111908,8.457023,8.752486,2.111515,-5.138746,-11.748794,-5.006646,-29.512397,-3.600678,-1.534309,-4.423943,0.816598,3.915315,3.733464,-1.600274,6.405327,17.573024,-22.449218,18.618246,12.236211,12.687746,8.248042,2.908852,6.43032,8.726542,4.888545,-4.141959,27.070226,-0.314855,-1.073207,-13.663702,-10.291666,35.047124,-4.689009,19.924246,31.697185,43.38334,21.120687
19.237683,18.659503,-4.480853,-4.697832,-4.44068,-0.287022,-1.638919,1.397309,-11.243394,0.239211,-10.049569,11.500177,-9.238517,10.425461,-4.610989,4.632395,-4.667209,27.741553,18.971571,23.625387,3.497656,-14.313168,3.910966,-7.623826,-5.215889,10.67315,-3.331125,-5.323142,10.492389,7.305882,5.202081,2.561468,18.768711,25.933218,-5.395718,8.317704,-0.716604,12.838073,6.673592,14.515518,-2.075899,16.253829,6.58482,1.483202,-6.141683,-11.418117,-6.184732,8.300021,1.635054,-1.423186,1.951004,1.22635,10.059052,-5.536239,10.005137,12.135271,30.190208,7.734346,40.666494,22.878043,29.130504,46.722959,18.076937,18.590601,-2.101395,19.272493,22.118081,-2.62745,34.991266,10.725784,7.65902,8.391404,15.270578,8.198613,-3.412695,-4.829955,14.460161,13.524648,-30.098309,24.695572,6.22061,-3.579372,1.634312,-1.139064,3.401136,-10.010342,-5.686098,0.730004,-0.207898,5.437082,5.932814,7.091549,6.477347,8.859433,37.190828,-2.344243,10.224394,26.92391,11.944445,20.773612,0.98477,7.750554,14.141681,2.144411,-17.537359,-40.110837,-2.242963,1.174705,-0.919412,0.492149,23.529165,-13.989472,28.024706,25.543774,38.339098,18.239906
7.490602,2.462698,-15.335269,-9.688393,-6.16869,3.644674,-12.360822,-8.362183,-7.868466,-2.297168,-17.688025,2.826232,-20.472057,4.297867,-7.6553,-5.066774,-8.674478,32.11514,11.532771,1.131682,-9.145489,-8.009762,-15.187025,-30.406224,-26.242598,-21.999123,5.201572,-1.129575,5.975583,0.562065,-23.268436,-33.65384,-6.241879,-15.169043,-12.551792,-5.65302,-8.421335,-3.90184,-4.446951,6.253908,-16.979147,-10.717125,-0.80769,-16.721263,-23.122758,-27.008979,-24.819183,-19.758989,-3.645019,-15.442577,-2.379403,-4.564348,4.246502,-10.460978,6.502727,-1.741332,18.041355,0.12232,39.246921,30.002756,16.427244,26.105977,13.935199,4.817115,-6.367214,29.441278,14.643352,-21.540695,28.166562,-13.17668,-9.290247,-8.551522,2.532743,-1.582543,-30.165558,-21.866946,-1.575568,2.781348,-13.577981,30.170203,-4.052139,-15.89837,2.993629,-2.793233,1.726883,2.808876,-5.226291,-0.190002,1.823784,2.434422,-3.08059,1.722717,5.306656,3.188959,14.287043,10.679723,-9.306983,17.167231,-6.89738,19.148337,-1.040781,4.808833,12.168764,1.00483,-16.410816,-62.665239,-7.612298,11.794765,9.681803,-8.671523,-19.128361,-12.152853,23.189568,12.246261,2.331013,-12.680949
-6.253072,-10.057779,-12.635354,-10.217822,-4.624582,6.66205,-18.453421,-17.331837,-1.758506,-5.775117,-17.922107,-9.929686,-21.96188,-8.744441,-6.471102,-20.304526,-8.119514,21.859391,-0.748329,-24.64501,-18.73683,-7.368531,-20.429958,-40.758159,-30.911608,-43.660351,8.900713,1.377895,-17.464349,-10.352984,-45.454246,-60.467109,-25.894659,-46.821594,-5.477831,-25.276872,-12.22081,-17.013665,-10.972354,-5.935099,-29.040707,-29.940647,-8.808848,-31.033462,-32.646078,-33.856315,-32.20797,-45.416436,-7.519717,-23.589858,-10.769347,-9.499339,9.408814,-11.163792,3.709849,-16.156216,7.437702,-0.13035,31.333613,19.678775,6.180601,5.194851,7.219553,-5.702584,-7.694321,28.984335,4.058464,-31.525648,17.34695,-44.237516,-23.399288,-25.819286,-17.900211,-11.125398,-44.341913,-13.512999,-20.501931,-24.000184,-1.484118,25.681828,-15.251348,-19.316531,-0.736145,-10.473683,-4.721207,4.509228,-2.235654,-3.24647,4.460544,-1.206571,-13.672297,-8.838153,-4.639539,-6.897542,-40.998012,9.100306,-18.776254,-4.2452,-23.854296,7.972624,-1.165807,-0.305633,3.440841,-1.460862,-5.342193,-23.045177,-11.513616,25.073487,3.146971,-30.409013,-54.371719,2.779038,16.423593,-5.03064,-31.163411,-40.16942
-12.201291,-4.687819,-2.36169,-0.945269,-1.226337,7.374132,-17.440151,-14.698762,2.614245,-4.292512,-13.063915,-11.024554,-16.141278,-11.850291,-0.075983,-22.002903,-6.487256,7.941111,-7.754613,-28.298313,-18.126132,-6.692986,-10.724433,-27.118477,-17.774602,-32.878453,8.604235,7.291498,-39.524012,-14.139053,-47.389077,-57.687212,-27.472484,-45.79491,11.950394,-24.248172,-9.313045,-13.604907,-10.343177,-11.148244,-25.527385,-22.562015,-6.310719,-26.695525,-25.949336,-20.428432,-19.388586,-39.514027,-6.097167,-15.894786,-11.33295,-4.097412,22.313859,-4.723759,4.812673,-15.088329,7.33429,8.342261,28.972788,5.095414,4.461961,4.736267,2.628678,-3.928683,-6.062546,28.723904,1.390771,-14.891572,11.849819,-45.325197,-23.25449,-28.30796,-26.472806,-14.543662,-35.761035,7.971711,-27.596709,-43.6847,-3.605282,17.144538,-20.196272,-8.552548,-4.50256,-12.659024,-7.288075,3.288842,0.973649,-4.737564,9.930132,1.20889,-14.492944,-15.07419,-10.676115,-11.628395,-88.84858,-6.807743,-11.903233,-17.722344,-21.407807,-1.837539,1.814623,-2.616695,-5.418251,-5.800818,-3.061506,21.448023,-6.798184,27.857739,-24.715195,-48.680612,-50.489076,16.359581,16.156955,-20.868226,-37.736194,-39.640029
-12.535822,8.501424,-3.054825,7.226945,-0.710621,5.416071,-16.386593,-6.86316,2.419387,2.115219,-11.601254,-2.663267,-11.756407,-1.985708,5.330874,-6.921112,-8.119305,-2.417258,-10.084397,-14.166627,-13.278796,-5.031272,-2.813443,-7.539342,-0.664237,-3.387866,7.402319,14.12677,-43.496402,-12.613026,-33.495961,-38.84374,-19.278098,-31.687943,22.41284,-1.809548,-7.744507,-0.935289,-8.704847,-8.513498,-11.042732,-0.01673,5.290101,-10.903777,-11.158603,-0.016875,0.690633,-7.357872,-4.2015,2.316553,-4.141925,9.758114,26.179426,1.439337,5.769111,-2.359834,10.178827,14.071509,27.221043,-3.462678,4.978977,15.716755,-0.506825,2.192454,-8.542668,29.250951,3.136545,9.072286,7.115706,-12.772159,-12.022346,-19.103704,-19.505589,-17.394556,-17.654033,11.120688,-23.414289,-43.428646,-16.679821,5.842759,-17.817155,3.636519,-5.399529,-7.344369,-4.503006,6.81369,2.187416,-2.681572,15.121182,7.220101,-5.711423,-12.532653,-4.260073,-6.877554,-99.535023,-28.914523,-1.77286,-17.02806,-4.023437,-4.969833,5.198175,-0.253151,-9.145251,-9.013407,-21.621568,8.410947,5.683112,11.375796,-59.710979,-55.85487,-18.618473,12.222023,19.433454,-30.236129,-22.779662,-16.355264
-16.515545,7.617891,-24.544981,-1.16189,-6.105775,0.915202,-23.208484,-9.484728,-0.999177,6.587456,-16.877834,0.51952,-11.800288,7.630115,2.096024,7.29553,-11.723761,-12.523108,-17.721091,-9.920098,-17.294531,-9.715514,-12.847287,-8.557955,5.348334,11.142658,5.298828,12.604608,-32.375847,-16.676491,-20.304981,-31.403555,-18.377147,-37.968819,11.92568,13.31429,-14.764261,2.646642,-12.242843,-6.150098,-4.493273,8.503648,11.466444,-5.338118,-4.222392,3.310381,5.621989,13.090805,-10.144871,15.169535,-2.995338,18.007641,10.175625,-0.905991,1.89009,2.950575,3.340408,5.98329,11.799897,-9.640489,-0.834497,15.913246,-4.605589,0.647014,-17.478914,22.081801,-4.599168,2.287167,-7.060499,10.572354,-4.493517,-14.074269,-11.814448,-27.345325,-10.877635,-15.136692,-22.070987,-35.777937,-30.365632,-11.361271,-13.128696,-0.886323,-6.361047,-4.368627,-2.791489,11.616162,1.25714,0.905397,13.690451,8.361843,1.505591,-6.570256,7.413946,0.061857,-80.112557,-45.66511,-2.938711,-12.550293,6.95194,-5.133056,3.572739,2.352314,-8.500853,-8.892932,-48.685556,-52.508573,16.532634,-13.922238,-78.033331,-55.871304,-1.760886,-10.242444,16.819333,-32.02528,-5.394747,7.784738
-26.51886,-13.922842,-54.467,-26.171853,-14.613463,-5.406904,-36.013104,-26.027675,-3.27544,3.156357,-21.716422,-7.535141,-9.972976,5.060782,-10.101258,2.871186,-12.004335,-27.176126,-35.966021,-32.746445,-35.12622,-26.813881,-38.843708,-34.323524,-3.787322,-7.071767,-1.115414,-2.097723,-22.145937,-29.338516,-20.078294,-43.957619,-29.319583,-68.432983,-15.026076,-3.717233,-25.751549,-10.576897,-19.609693,-11.062478,-17.981731,-9.796227,-0.05998,-21.099872,-10.810327,-16.772947,-13.068053,-8.950129,-24.765129,12.184207,-18.479568,9.08772,-16.718086,-9.860321,-5.454412,-10.566527,-12.774681,-13.184013,-18.682434,-22.921824,-12.029628,1.00888,-9.488545,-8.715188,-24.98857,5.030221,-27.075183,-46.273256,-29.916432,-19.715627,-11.350252,-22.145542,-16.839973,-41.180777,-20.038021,-45.865977,-32.269294,-41.467568,-34.709217,-32.751457,-10.828375,-24.89245,-12.221959,-12.436451,-7.529643,7.651595,-0.520428,2.271894,3.100355,0.824973,-1.732144,-5.720508,9.314816,-1.359954,-62.081926,-49.026675,-14.292836,-16.24673,-2.88531,-8.027693,-5.242561,-1.046805,-7.469128,-7.745517,-56.993369,-91.517148,18.366644,-23.046551,-66.917435,-53.577364,-27.873964,-35.340911,4.254812,-30.037708,7.616654,20.743479
-32.763316,-38.49596,-69.240985,-49.1273,-19.758492,-11.506002,-43.501665,-40.584903,-0.581609,-5.616014,-16.221752,-15.755106,0.092212,-5.741171,-22.553783,-16.196755,-7.172409,-40.460971,-55.789025,-67.877234,-56.971765,-49.837327,-63.144586,-62.048343,-21.099202,-42.065188,-13.827898,-22.515166,-21.764575,-38.615048,-30.294146,-58.571342,-38.542706,-91.885518,-39.0695,-43.35096,-28.060935,-29.039123,-23.994275,-21.728156,-41.409372,-36.126002,-24.359687,-44.956369,-20.492022,-39.875162,-40.575966,-62.091526,-37.884896,-2.231364,-42.205637,-11.748105,-33.388877,-15.456048,-10.406714,-32.480768,-22.530689,-28.718502,-44.44414,-42.229746,-18.553761,-10.291739,-12.50249,-14.793244,-21.680997,-11.376658,-50.164569,-101.454757,-46.095428,-95.611065,-27.438117,-35.13986,-29.17174,-45.827422,-29.60315,-48.510361,-44.366751,-61.205792,-24.144322,-47.565331,-10.092673,-49.820718,-22.758066,-26.776117,-15.874568,-8.115456,-2.353355,-0.155916,-11.637477,-9.807239,-12.314749,-12.290876,-3.579053,-12.201437,-66.412234,-39.289424,-22.359474,-27.269873,-25.378197,-13.932485,-15.997712,-10.790443,-7.76057,-9.976229,-34.415498,-65.794976,13.620186,-3.574533,-37.970683,-46.937747,-79.278919,-47.474363,-11.984331,-30.160878,22.798903,25.833588
-23.925389,-43.818413,-57.692726,-51.131822,-18.008648,-14.429021,-36.683761,-35.279684,6.956607,-10.597023,0.42052,-10.256946,14.797315,-11.13415,-25.674489,-27.955861,-1.898226,-38.449049,-60.784942,-83.508466,-67.723463,-61.557003,-70.210516,-66.97075,-36.773016,-61.351945,-29.375318,-34.776825,-23.873798,-30.573754,-37.650384,-53.319131,-30.19628,-79.248156,-44.58863,-70.900103,-15.460403,-35.515827,-21.284979,-30.332161,-51.928709,-41.704904,-42.140495,-53.02173,-19.567809,-40.776836,-53.265702,-101.954058,-37.332229,-15.139732,-52.452751,-26.134354,-27.334823,-12.188347,-9.674232,-41.629362,-12.438134,-28.945761,-42.926162,-52.796063,-12.833997,-2.62936,-11.759909,-10.223186,-8.483812,-16.354972,-52.839447,-114.828541,-41.108954,-158.475213,-36.855285,-37.899252,-31.216553,-32.762693,-23.592618,-20.777699,-40.429652,-71.993524,-0.723818,-44.916753,-6.6686,-52.459938,-30.853286,-32.614521,-19.53916,-25.589091,-4.464918,-4.524815,-21.906324,-15.013324,-19.779247,-20.849857,-20.130166,-22.248483,-83.419855,-24.285686,-18.467806,-34.32936,-39.114431,-18.381292,-19.726973,-19.526486,-7.663228,-16.126286,-0.165207,-13.36177,9.47201,24.750095,-17.519928,-32.179249,-111.63214,-44.859065,-21.645246,-35.731314,39.627292,25.538952
-1.206607,-27.010409,-30.80022,-32.185832,-12.323049,-12.536609,-18.592581,-11.420333,14.451162,-6.278403,18.393805,7.823438,22.885406,-5.403898,-18.274422,-17.855272,-1.267322,-15.90346,-43.337248,-63.60154,-60.786113,-49.081716,-58.813355,-46.146918,-44.173896,-47.571663,-40.256562,-31.910121,-15.822662,-6.664319,-31.048701,-25.417134,-4.483543,-36.344061,-32.94965,-63.843681,4.145055,-25.772536,-13.948743,-30.558457,-38.44491,-19.969157,-38.264102,-36.134936,-6.604182,-16.751549,-40.92658,-94.901157,-21.194833,-18.433564,-36.543931,-21.670316,-6.027061,-5.55276,-5.786185,-29.188274,11.985385,-16.572462,-13.963666,-41.901527,1.384639,13.745309,-7.85767,-0.919825,3.892294,-13.10087,-30.218457,-74.174745,-18.332004,-157.978839,-29.455965,-25.117524,-15.467511,-7.964627,-4.444873,7.866804,-16.079099,-53.357469,23.726075,-26.204452,0.565896,-27.633138,-28.270164,-20.719714,-13.414803,-30.244877,-6.654827,-7.703623,-22.654419,-12.331115,-18.142077,-24.560465,-25.521439,-21.493216,-85.513162,-13.938694,-7.76654,-29.931335,-31.840665,-18.196138,-12.72039,-19.160001,-5.423587,-20.930117,14.880393,-6.298713,7.628719,27.64127,-21.103952,-13.013825,-99.313074,-36.0243,-19.602283,-44.341201,42.928635,12.684927
21.153034,-5.363401,-7.765115,-9.094083,-8.311819,-7.398134,-0.815596,11.514109,15.430966,2.37155,27.546679,23.681989,17.969389,3.323771,-7.620526,4.708515,-3.686763,13.482337,-12.082856,-21.686053,-41.003401,-16.805395,-37.382885,-15.769516,-40.402585,-11.89517,-40.326968,-19.386489,3.932138,16.433173,-11.010256,10.088039,22.095599,5.802015,-16.960151,-32.64412,16.583434,-10.832423,-6.637526,-22.469766,-13.19836,8.155267,-16.143193,-8.141569,7.610985,11.235081,-13.796445,-48.820881,0.046042,-13.956978,-4.868124,-4.894811,12.088334,-3.983924,-3.166595,-7.159759,29.939661,-4.380811,17.830079,-15.371982,12.860337,14.532812,-2.640365,1.732927,7.563207,-14.344949,-0.567571,-14.481215,3.167645,-101.597628,-11.046287,-5.472377,5.633297,14.425458,10.753299,11.59125,12.282675,-12.12624,32.851116,-5.5423,6.975151,6.506056,-13.356915,2.691959,-0.093791,-17.171738,-7.282385,-7.899991,-15.360826,-6.270876,-10.357954,-20.689605,-16.888449,-10.976723,-56.209315,-14.202625,-0.85399,-18.699296,-10.97907,-14.432512,-0.897475,-9.134171,-1.561294,-18.354204,3.297342,-61.534121,3.731817,-2.46189,-38.257994,0.362336,-56.784541,-26.520246,-8.251974,-48.437034,22.959168,-16.34709
29.828878,4.623036,3.949699,4.047605,-7.527925,-2.771915,8.917386,17.648621,7.625037,4.949334,26.851402,26.301287,6.335368,5.295344,-0.592361,18.025976,-2.620648,27.938198,16.746337,16.296045,-16.550457,16.377405,-12.545293,9.356244,-26.145504,20.144129,-29.137142,-7.404955,23.875391,24.409594,11.838961,38.555394,33.540458,27.240642,-5.431897,-3.480426,15.191753,-2.845419,-0.461279,-11.223702,2.286139,19.551745,7.002898,10.908177,14.086963,23.288397,10.335795,-0.072608,13.731834,-6.931308,19.465215,7.034543,15.509284,-7.011198,-3.059916,6.057097,26.058802,-1.296198,27.190956,5.625395,14.162784,-7.915259,2.395609,-4.521954,6.463549,-24.147634,12.71684,19.831118,8.563312,-39.618393,3.209846,9.1039,14.52398,26.041999,10.21171,-3.723526,24.153685,23.469648,19.312443,3.249976,7.156356,25.601754,6.831533,22.263543,13.428487,4.368381,-4.611487,-5.240538,-5.099909,-1.739544,-2.120337,-10.298759,-4.186962,-0.350896,-5.888077,-23.921,-1.159751,-11.128649,6.8917,-9.645227,6.102537,3.099078,2.623917,-8.115141,-10.366728,-119.450447,-3.010419,-31.004252,-45.185315,2.290806,-17.094663,-14.066535,6.243455,-40.205043,-4.939465,-47.280625
24.884215,3.447026,11.761148,9.028805,-6.046902,-1.215317,13.613816,10.751978,-3.391861,-2.496797,22.318896,19.046003,0.473483,1.932608,3.421735,13.049273,4.6594,18.964293,33.52971,36.968203,7.437135,32.587171,13.487058,27.163329,-7.398518,31.298987,-11.996994,-0.199002,32.881271,18.994717,26.162699,56.066805,28.646535,35.73467,3.148424,11.403605,5.132307,-3.294226,5.986572,-2.908793,-0.191932,12.513302,17.665139,15.618124,15.219302,20.751793,22.39461,24.423811,16.415083,1.62553,23.479068,6.190897,7.421665,-5.557886,-3.743171,4.844321,5.353842,-4.678919,12.07886,5.378047,7.561486,-34.312528,6.194469,-10.217973,10.618638,-30.679164,4.239124,16.98983,2.32801,-7.400966,4.261642,14.273766,9.411342,29.081425,-0.862023,-12.546517,16.129255,32.397213,-5.50403,-1.41434,1.860829,20.82328,21.848383,28.120546,21.681503,19.875166,0.809135,-0.825467,3.616629,0.561034,4.700218,4.103576,2.595583,3.741938,38.150986,-35.626253,-4.22138,-11.928384,12.853729,-4.740321,4.965037,9.656229,6.863511,3.667839,-0.121962,-114.776735,-5.086076,-17.832086,-32.298784,-1.73881,2.02817,2.856164,17.140233,-18.498863,-13.98668,-58.022775
17.362997,2.664407,23.348007,16.072312,-0.082018,-1.863056,20.948497,6.310122,-7.36846,-12.243737,17.787691,11.614966,5.800471,2.15129,9.773174,1.752261,13.032392,-0.754631,40.050631,45.203874,26.491473,27.872583,36.151101,40.574983,5.620953,21.770398,3.544714,5.098384,31.895609,12.330219,28.40267,63.194598,18.551125,46.762575,12.404537,18.785832,-4.298294,-6.027626,10.915535,-1.344406,-9.500837,2.166435,16.944544,16.474817,18.595591,18.957103,24.966984,26.909604,14.706098,13.567495,14.437541,1.745705,-1.975063,5.852377,-4.315961,-1.147996,-13.097807,-5.849994,-8.122708,-10.759909,0.457143,-41.46891,8.147608,-6.413022,23.05518,-21.24276,-10.590019,-0.468395,1.190091,5.64782,-3.260638,12.877119,5.349902,28.736587,-8.339983,-3.595559,3.25327,18.633038,-18.897136,-10.34906,-1.478451,4.357428,25.661233,23.111739,23.206467,22.267468,5.852024,3.942328,8.186802,1.84724,10.581281,18.300412,3.176332,3.680555,54.971152,-39.541618,-6.955268,-16.558854,10.287736,0.228747,1.304994,9.195755,10.635003,10.22523,27.683898,-50.537338,3.836055,31.739746,-14.826883,-1.983807,6.122143,16.99486,17.9216,7.473386,-0.914492,-44.011713
16.43613,8.125739,34.498178,27.343255,8.39267,-1.791871,32.327227,11.452342,1.679299,-12.763669,11.473663,6.857353,15.915783,8.354462,20.018813,0.579677,16.179603,-11.388826,42.449604,50.288433,33.395337,11.758073,45.835435,46.81559,6.178438,2.54168,12.047699,10.736333,30.664444,11.271167,23.948259,57.120201,13.445475,57.877153,18.912441,24.282217,-8.13991,-7.270668,8.646287,-6.384668,-9.480995,-1.595981,14.933144,23.042811,24.705478,24.703486,23.463512,24.176591,16.121357,26.698358,8.154659,6.847604,-6.715153,21.180858,-5.636731,-1.00528,-15.248159,-0.336199,-14.966779,-22.86441,-2.277876,-28.689831,9.358979,4.404635,35.594633,-0.757296,-14.292758,-8.550695,13.703962,29.060161,-8.256851,7.929157,14.734643,25.751504,-4.153092,8.254795,0.504026,0.738374,-7.241682,-14.24128,4.301188,-4.15358,20.42256,17.151851,19.479285,16.185337,7.491973,7.478585,7.605777,1.506673,13.460085,25.8535,3.299356,4.961998,45.54277,-29.213065,-11.710192,-17.62077,6.410945,3.978953,1.710703,6.126857,11.373565,9.855386,40.054768,13.261453,16.729639,64.266577,-12.452621,3.834275,5.354067,18.360364,5.263724,22.835693,5.047783,-24.35522
21.483029,14.779583,34.715611,33.029949,13.223863,0.695907,40.433517,18.156632,18.6234,-1.22551,2.281844,0.897385,21.14761,12.382984,28.538069,10.95744,15.350849,-5.387285,42.86977,53.755378,23.324859,-3.02416,36.577931,40.520783,-0.896592,-14.246461,12.83693,13.590726,35.21324,11.947497,21.226362,36.03001,14.533011,52.98324,15.705674,19.751853,-5.951369,-7.870742,-2.574329,-13.274644,5.230297,-3.234706,17.880023,31.918911,25.850313,28.574026,19.67331,23.715599,21.013761,33.417365,11.473666,20.96399,-7.403344,29.863986,-7.115163,5.744338,-3.112663,9.211454,-6.731182,-16.932856,-0.106004,-14.40875,13.004356,12.545629,38.345664,11.610623,-4.552802,-5.643457,30.593877,67.717674,-5.550575,0.354369,31.866263,18.718238,9.405972,5.117495,7.44226,-9.601782,21.247047,-10.148544,18.95898,5.025566,13.688713,17.16058,13.68476,11.507063,5.688313,8.633507,3.26525,-1.424031,9.914845,22.235604,5.20765,7.798615,29.563343,-6.065507,-19.059689,-11.532603,4.455152,5.263974,5.005899,4.341838,6.777988,6.015818,18.153028,34.662963,16.747101,34.673711,-21.17853,9.167332,0.447407,8.078528,-15.044963,18.887708,-21.389634,-17.040537
26.41574,17.122465,22.562462,24.539392,11.229461,4.58424,37.852101,16.496453,30.197282,13.27769,-4.149232,-5.652042,19.368726,7.650408,28.566128,20.276773,17.831778,8.595536,39.083615,52.104788,3.112304,-9.301567,16.108075,25.038127,-1.786647,-19.198505,9.614459,10.07847,41.55017,9.390295,24.22164,8.744957,17.639899,29.691509,3.733259,-2.178992,2.424673,-6.845377,-13.791516,-14.433865,27.844659,-8.404384,23.45581,33.99281,18.038249,21.333416,14.78306,21.0372,23.955477,28.481816,18.8304,29.593397,-5.806969,29.570645,-5.171016,12.497419,11.443486,18.479227,7.540207,3.210135,6.599428,-9.66583,21.005929,14.07717,30.905998,5.66139,8.54788,-2.339747,36.558452,98.481273,0.452793,-6.887585,40.351039,10.242201,26.305717,-8.204277,12.966398,-13.44408,45.343305,0.804742,34.72348,26.092819,11.903736,22.921726,10.162666,13.827735,3.198241,7.760285,-0.178369,-4.015969,1.748329,11.048141,5.630096,7.837353,28.262481,20.544487,-21.16379,1.200896,4.977363,6.052323,3.939352,3.493094,-0.533475,2.922649,-16.584593,30.733909,-4.192258,-40.355513,-13.36106,9.234765,-8.805428,1.060552,-27.421868,2.351669,-62.037272,-14.717175
28.268776,18.236883,10.502056,7.545848,6.288119,7.732234,26.097237,9.082512,26.475558,19.232334,0.124931,-4.052285,16.284722,0.644181,20.260801,19.555528,25.9684,18.163061,30.015735,45.77508,-9.516053,-6.411536,2.576413,13.708772,12.451029,-6.978399,7.324269,3.526691,41.587977,6.782292,29.639071,-7.196634,20.242304,10.743832,-5.367822,-27.510944,16.599191,1.258537,-11.025531,-4.626067,48.57111,-10.505302,27.077243,29.822575,9.483264,11.428432,14.052328,16.042788,21.378152,16.591857,23.278562,21.975667,-1.817018,28.019936,2.652191,16.511307,19.805315,26.163791,22.630338,23.282084,17.74193,-4.837992,29.424131,14.827992,21.966759,-5.517864,17.841533,1.746139,28.431389,106.182911,3.300256,-7.128284,33.194007,5.780808,41.508649,-10.223427,11.300818,-12.650772,51.253996,16.669904,42.655337,45.360847,15.503228,29.939841,12.424875,20.765311,2.521939,6.640764,2.635171,-0.556359,-2.670603,3.197122,2.519749,4.16541,47.184672,39.110506,-8.265694,18.641352,10.086018,10.649618,-4.253065,1.511044,-3.43193,2.021552,-26.095742,38.409442,-33.658101,-96.831999,29.209889,9.251409,-10.277816,10.814852,-17.889177,-8.462074,-68.473379,3.993547
28.790238,24.239469,12.240665,-2.033601,5.296979,9.145605,14.378762,7.785716,10.239604,14.185349,14.614267,10.936554,16.137555,4.539092,11.112071,13.848942,31.311139,18.926259,18.697781,39.872497,-0.598592,3.631636,8.581909,16.940423,34.943043,20.234459,8.551672,2.811678,32.589336,10.840363,30.949025,-0.589266,22.339366,20.828476,-1.073072,-26.969349,31.096385,18.821536,9.624191,13.801848,60.8498,1.871517,28.652811,31.63133,12.667732,18.46978,23.354917,20.83718,15.816745,9.347578,25.374973,5.2819,3.406337,31.833179,12.747265,21.858757,21.658079,31.91639,39.275908,33.753751,29.918949,13.110022,29.342259,20.229169,18.80498,0.298694,25.600804,19.598272,17.714145,105.760425,2.879593,4.038055,20.297318,6.056799,48.900066,7.864099,7.972977,-1.54705,42.237457,32.499387,39.025298,52.401368,19.439363,33.527675,19.841307,26.01319,3.496453,6.64198,12.296216,9.982166,2.900328,6.387376,-0.395023,2.394699,72.121042,44.070435,17.641243,37.181256,21.423702,19.808824,-11.826188,-1.080817,1.943667,2.336769,-2.886814,56.130099,-49.715354,-92.210847,86.122082,18.680835,12.790258,32.927254,10.320932,0.399131,-21.464455,39.237553
28.79324,32.747923,27.08142,5.001072,10.663229,9.229244,9.896426,17.69948,-5.34916,5.841605,27.481713,29.598151,15.52035,21.357385,8.356481,13.079656,23.584467,13.603996,9.281167,36.694671,26.049326,18.615435,29.125379,30.990495,48.621753,50.556522,12.394092,12.48504,19.382634,20.263018,25.517923,22.308194,22.494773,55.946273,13.459359,12.673145,35.813661,37.636569,34.504499,31.360167,61.075226,26.116619,30.830964,47.981636,28.233246,48.415447,40.590839,45.14636,12.405773,13.626057,29.199779,-2.326403,5.192645,37.576801,17.55272,31.495655,19.734906,32.496134,53.41392,35.551814,34.596668,37.501693,15.519334,25.384901,19.89776,27.336676,34.493073,55.151678,15.316556,118.655314,4.761447,21.965456,14.955187,5.142385,41.400957,28.549749,9.810116,24.245429,29.332304,38.437928,26.8471,45.719808,18.531906,30.737177,26.959863,25.960448,4.181526,7.121448,22.312259,19.723081,13.875778,15.845323,1.83442,7.521959,81.720601,39.518436,40.425079,50.060356,34.352186,27.237213,-8.113833,-1.183325,9.762095,2.908381,18.481941,48.406273,-42.807607,-48.291538,111.453358,38.06935,58.22413,47.973695,35.05764,25.059787,35.405729,59.140941
24.673042,33.011447,39.530812,20.906151,17.978893,8.389089,10.998335,29.483383,-8.886245,2.725885,26.246741,33.909834,8.336773,35.787452,12.201234,17.341007,5.08307,4.807013,2.867586,32.193208,51.813715,35.272113,46.558265,42.595582,43.747796,67.855571,16.501907,26.423808,8.889683,24.612988,17.735952,43.893195,17.193112,84.034622,24.346789,69.006087,25.293209,44.233976,43.798938,38.676218,48.742093,42.728014,32.667004,69.90212,41.003121,80.948061,54.140423,78.127099,12.782209,24.190418,33.399949,7.830724,0.310211,36.786703,14.044406,40.496976,14.085171,23.990985,52.011612,33.491451,24.124108,46.06832,-5.238416,20.126919,18.67254,54.361291,38.39219,89.764844,18.110328,136.375202,12.297397,35.100633,17.425503,-0.868484,19.238399,28.617115,14.31364,54.716559,17.845238,26.743868,13.137837,31.507339,12.817605,21.571788,27.900217,22.45288,3.66147,6.440431,24.320666,18.789762,18.766826,18.923253,8.274704,15.976446,66.798825,34.789435,44.872492,50.596921,38.830348,24.936716,6.852804,2.620077,9.442668,4.104378,4.344929,5.793477,-22.653177,-17.793781,81.21594,55.306575,97.259805,42.398196,34.203997,47.172731,38.988245,35.414747
12.60849,19.334989,34.864588,29.06328,21.145771,6.447584,10.420064,29.794138,-0.73376,5.743968,10.889371,17.093089,-4.740488,30.594696,16.878377,17.052395,-8.137893,-6.191761,-2.402125,21.916248,60.584087,47.854318,46.876728,42.943569,27.830574,62.896238,19.625374,33.532848,4.504025,16.948864,14.426817,51.002481,5.749316,77.839923,22.823813,102.168736,6.952816,34.174627,31.406645,34.070074,29.418885,35.549864,28.823977,76.628756,34.960258,86.629131,52.77539,92.828932,13.791872,29.014685,31.199257,24.726646,-6.394167,27.57846,8.312786,40.28707,3.334806,8.709966,26.391856,29.196176,1.009434,28.854225,-17.104152,3.682986,12.272635,56.742476,28.394261,97.831959,14.063629,124.596365,21.604436,35.054677,16.288847,-6.054888,-3.794562,7.988014,13.285982,69.207719,6.628914,3.372357,4.923393,18.651198,7.632896,10.160388,21.913349,19.67864,3.131682,4.677215,16.451506,7.102823,12.804644,10.318843,12.777698,18.458042,39.071582,35.622834,32.672001,39.336286,29.247907,12.685776,19.359276,7.356521,-1.386729,6.90138,-30.997968,-26.376061,-3.341169,-17.625349,23.804915,57.139208,98.756336,23.402116,8.193396,51.714958,-15.739977,-14.848902
-5.040877,0.404645,13.906891,20.996567,18.598516,3.727919,4.038904,16.55743,8.738647,9.506602,-5.957682,-7.542531,-14.923324,6.443507,17.119839,7.387254,-2.625994,-14.755563,-7.7345,7.929566,51.297379,49.400957,30.511842,33.586677,16.41266,39.954814,21.62721,29.258469,5.203242,3.94957,16.910159,42.617449,-6.182283,42.117743,14.824831,92.071825,-3.878253,17.728812,11.100455,23.766656,13.369866,10.727892,16.35623,56.131733,10.911218,56.231217,36.604779,71.972558,11.789511,21.511265,19.849894,29.50228,-4.680339,16.654165,9.029223,28.580717,-10.447604,-3.1699,-11.971206,22.299545,-20.9394,3.413146,-9.76068,-10.686009,4.300576,32.752837,7.321225,73.837991,-0.690451,68.356147,25.326479,23.536882,4.901968,-0.634448,-9.592126,-9.91802,5.288452,56.471747,-2.392842,-11.633584,5.60939,13.15658,7.88784,3.022712,13.63584,18.808743,3.922391,4.29993,5.440318,-3.616,4.260937,-0.316139,11.800997,11.174948,20.123355,39.230347,19.691995,25.936661,11.909873,-0.093058,15.483022,8.337289,-11.605062,11.40502,-35.925119,1.403594,12.306589,-13.616749,-4.842173,43.049741,61.11271,9.743108,-18.88267,40.822238,-59.243472,-38.388754
-19.794175,-8.775996,-7.826067,3.962701,13.762472,1.842341,-4.784666,0.742118,10.085143,10.026838,-12.336818,-20.337486,-14.523282,-17.575528,12.461755,-3.240319,16.145327,-13.148807,-11.437931,-2.839632,33.654276,36.109983,9.004805,19.738438,15.716079,12.56086,21.53338,19.387879,7.601896,-0.889308,18.697393,24.533823,-10.63412,5.399956,12.593547,53.695082,0.660358,8.555711,1.087626,14.892311,6.484221,-10.105695,0.310518,18.271366,-13.575305,10.021907,16.497089,26.669449,6.791081,6.509314,6.235827,15.854314,8.868646,9.242682,16.382221,12.376741,-21.012926,-2.186361,-36.09882,15.237541,-27.501886,-4.217783,9.782569,-9.339076,-0.429371,4.202975,-7.994589,37.70615,-14.461497,1.399412,20.48344,9.099615,-8.710003,14.612544,5.095606,-6.680714,-0.766153,27.836133,-1.417402,-1.40946,12.486363,14.57195,12.195637,3.308548,7.480224,16.176344,5.12291,7.065055,-0.558291,-2.197577,4.060076,0.456198,8.654056,1.295808,20.537092,38.005376,17.257492,20.468524,-0.386343,-3.920219,-2.663138,4.264503,-8.083546,15.907063,15.256256,72.703786,28.470305,23.820948,20.590411,25.473878,15.182075,9.146833,-23.250562,28.999816,-24.450963,-4.966641
-24.048936,-3.352645,-14.459331,-7.586501,10.310021,2.352078,-9.13,-6.136843,3.325076,8.612493,-8.650643,-15.743256,-5.824071,-23.704497,5.976828,-3.083956,27.341102,0.591472,-10.502081,-6.037198,15.89176,12.076243,-5.596415,3.686661,17.811499,-6.491773,17.275073,12.115771,7.853961,6.362337,12.550398,2.572136,-5.253188,-10.571571,19.002876,16.949225,12.251169,8.60838,4.350279,9.321033,3.782858,-14.266516,-9.667943,-13.239747,-22.056969,-22.213024,3.155532,-12.778782,1.848043,-5.530894,0.059363,-3.757577,23.365215,1.885614,20.316008,0.71831,-22.770488,9.899188,-28.417125,12.417526,-16.794339,9.922031,22.172155,5.207447,-1.193627,-7.789249,-3.307175,12.681183,-12.260783,-22.51614,11.521096,-0.99158,-11.171179,24.840173,22.4461,9.755862,3.395165,6.74868,12.639552,28.510875,17.432114,16.994524,13.576967,6.400622,3.069268,7.438226,4.175979,10.531244,-0.438148,8.644673,10.883124,12.064961,8.306552,-1.016911,30.36309,27.965315,20.232823,22.358263,-1.463141,0.303811,-16.834839,-1.179811,7.53713,17.151597,80.201858,110.402421,40.37834,66.766275,65.948049,16.455222,-5.841387,10.037652,-5.731415,25.819802,65.6574,50.93863
-17.337795,6.616125,-3.031761,-6.154665,8.489971,4.567637,-5.514403,-3.026872,-3.927105,7.97562,-4.970334,-5.553727,1.102872,-12.814775,0.74771,6.907945,16.004451,16.501928,-3.85596,-3.043749,0.936134,-10.031539,-7.620435,-11.806102,13.288489,-11.310997,8.663878,8.619852,3.459291,14.707302,-0.198393,-16.433969,3.964354,-7.50234,24.255283,-1.526354,15.541605,8.086938,7.729587,4.746848,-3.263654,-9.387079,-8.345988,-21.095194,-14.747434,-27.510056,-1.135815,-23.245205,-0.770395,-8.753352,2.689966,-12.026061,22.794068,-10.579226,11.871261,-3.3362,-15.57265,20.363553,0.475211,14.134022,-0.407498,23.929357,14.3333,15.71364,-0.538348,-3.143119,15.868212,3.576792,6.104088,12.605705,5.744411,-4.216588,-0.431126,16.543055,21.705586,17.028258,13.971862,5.906236,28.27011,51.703201,12.42903,14.683825,6.912228,3.54056,-2.51669,-6.184196,0.148242,9.197002,0.066612,14.434998,11.57448,18.272142,10.01077,5.393414,31.15549,13.2553,16.309039,20.664932,3.003354,2.940782,-10.855555,-3.03834,17.612421,12.324517,85.059284,62.831094,33.052805,54.797399,72.416636,16.281423,4.216945,-1.554706,10.358768,26.382191,109.017884,61.814513
-6.016712,8.49978,15.261942,3.329588,6.296466,5.545716,3.07871,2.546065,-5.376337,7.011355,-8.527601,-2.819272,-0.959938,-0.605336,-1.795462,12.238676,-11.152979,20.455986,5.829406,2.561884,-7.558778,-15.51739,1.610549,-18.165936,4.600985,-2.765974,-0.053266,3.527194,-4.542999,11.229855,-9.20647,-22.344836,8.201652,0.610208,18.733021,-3.78653,5.374554,0.276255,0.41387,0.17241,-12.559114,-8.702064,0.54962,-7.110002,-5.311479,-15.821179,-0.158347,-4.964909,-1.800606,-5.958981,5.842611,-4.6752,4.11791,-23.187763,-4.975484,-2.626866,-4.749892,17.6933,21.151702,14.483031,8.114055,17.512351,-7.365108,9.333425,-0.454733,2.057898,28.028722,-0.111279,23.206247,65.244031,6.531587,-0.491177,10.908511,-5.033992,2.920844,7.263316,18.49368,17.341171,26.669994,45.076772,-3.151386,7.438486,-4.644152,-8.516652,-8.976823,-16.780471,-4.271846,0.293864,-3.257752,5.381229,-1.743769,6.260675,8.144146,11.480182,16.381585,2.268753,3.866086,7.212132,4.155375,-2.052466,11.563194,0.086963,7.281463,2.237065,7.118188,-28.371495,1.811212,-24.831668,19.974707,16.146928,26.220221,-20.579207,5.390765,20.1615,35.668144,3.564449
1.530834,0.654222,24.49775,9.94602,2.788755,3.010954,9.744398,3.784235,-2.00976,1.998984,-16.664163,-7.700896,-9.669116,0.470254,-1.778423,1.676014,-32.966378,9.383711,12.72946,7.730232,-3.163328,0.802266,15.122087,-7.227016,2.794308,13.088185,-2.764837,-6.303644,-11.502757,-3.380811,-5.614396,-8.734076,3.236545,5.462911,5.27521,3.831942,-8.120983,-8.432915,-11.367232,-2.06238,-10.615441,-11.794882,8.4114,11.709352,-4.813607,-4.92752,2.797293,24.193156,-3.730137,-4.167391,1.645892,6.489374,-16.928506,-22.829143,-15.839822,-0.410666,2.473667,2.607346,13.470683,7.605307,4.717955,-4.308532,-23.8983,-7.951855,-1.915741,-3.927594,17.730479,-5.303372,20.201427,78.149341,10.972219,8.924411,9.403873,-19.243963,-12.842028,-4.08671,10.223975,24.338571,1.560077,11.550722,-20.600695,-0.194807,-12.087442,-22.632987,-11.989774,-16.674929,-4.989797,-11.936714,-7.382757,-11.715951,-18.919775,-15.635716,0.324589,8.972601,-2.600221,-0.345875,-5.301509,-12.209666,0.883609,-9.24357,29.063714,5.027517,-17.00077,-7.175328,-89.330411,-64.653537,-31.567372,-102.022068,-48.848242,9.886268,40.434797,-25.122995,-15.704107,6.416262,-102.195685,-70.447568
-1.023492,-9.044912,15.201116,6.750527,-1.030667,-1.853931,8.350464,-0.8309,0.412025,-7.076,-22.206707,-11.710137,-17.269901,-8.092197,-1.138182,-18.413823,-35.570811,-4.529042,10.409457,7.538888,13.96147,27.014996,22.170123,14.768988,11.919999,25.532751,1.99093,-16.554136,-13.424859,-15.970992,7.525477,15.463336,-8.650878,5.842422,-4.79028,18.56162,-12.693711,-7.133416,-12.26653,-0.250858,9.005699,-7.561736,8.611263,16.398277,-12.095219,-4.926593,5.403206,43.854326,-8.391135,-8.142909,-8.829003,6.62266,-21.756369,-5.552003,-11.442135,1.722094,0.708426,-14.25696,-16.623186,-5.253617,-5.287364,-20.408092,-23.32431,-18.992026,-7.456607,-17.668945,-8.845981,-8.083145,-5.205677,33.785965,13.044537,18.345543,-5.056814,-13.072102,-9.275688,0.112331,-4.456953,18.805887,-30.976374,-23.162519,-28.913727,-5.444891,-10.244489,-28.243009,-9.497438,-7.418033,-1.009979,-19.104753,-6.548313,-20.609391,-21.336165,-24.891445,-8.478357,-0.27309,-11.231739,2.408734,-2.375265,-22.774216,-1.183502,-8.632037,23.621521,7.2886,-31.957906,-8.311607,-111.62939,3.357162,-34.152927,-88.714783,-71.527804,0.332371,42.133897,-2.540489,-30.659219,-3.658323,-171.459768,-82.365978
-15.785386,-15.660813,-10.035512,-4.794455,-4.169353,-5.161364,-2.955578,-10.178473,-1.6806,-13.836873,-22.543825,-11.626163,-19.322022,-17.015433,-3.674821,-29.960128,-24.371676,-7.522004,-4.056096,-5.61765,28.689507,39.874116,13.732278,25.459469,21.606668,22.704081,7.883489,-20.452903,-12.040069,-16.95845,17.195015,27.126145,-22.190887,-2.625959,-6.443181,32.588636,-9.197608,3.241367,1.101842,2.671148,29.980418,5.290839,-0.948827,-2.917454,-19.537948,-16.726808,1.757733,40.032925,-15.939666,-18.023784,-18.80979,-8.051099,-10.093663,12.096918,1.320682,0.870973,-10.850086,-24.627099,-47.348345,-17.225366,-16.158624,-21.73593,-12.112853,-15.985806,-20.518141,-28.849539,-31.941872,-5.78194,-37.13349,-36.585214,8.438859,17.130051,-20.631989,2.726452,3.897553,15.164802,-14.490827,4.784099,-45.884977,-36.071793,-25.038031,-11.654249,-4.235594,-23.211807,-6.889842,-0.708849,3.803151,-16.568912,-1.337447,-13.995369,-4.487877,-10.914437,-11.970206,-7.810992,-9.171687,3.526128,4.599343,-17.200457,-0.471976,0.782367,-1.320247,4.835179,-22.201462,0.854031,-34.289377,118.515993,2.102809,21.53185,-29.443428,-5.905183,34.031063,30.715036,-25.385765,-1.164196,-96.37805,-14.879946
-38.538813,-22.803966,-38.50399,-17.510182,-6.982004,-4.160965,-20.35642,-22.634328,-6.263735,-11.299797,-20.591679,-12.798246,-17.387964,-20.811655,-12.480996,-22.672852,-14.48232,-0.359702,-26.055687,-34.22194,20.150024,22.959001,-9.289505,6.27353,18.115239,0.458462,6.083534,-17.235361,-13.842921,-11.035186,13.498764,8.932299,-32.533503,-27.420577,-7.193236,27.600112,-9.837346,8.05822,12.853708,1.362845,24.947139,10.604856,-19.131652,-42.34766,-23.906149,-37.993913,-16.369741,7.729336,-24.971434,-30.722768,-25.189629,-28.331606,-1.223568,6.078747,6.188337,-7.892422,-26.597687,-29.982237,-63.240327,-23.944116,-27.08219,-20.764348,-6.242576,-9.001481,-39.637659,-33.099142,-39.119282,-7.277993,-55.977681,-92.106881,-2.725956,-2.012152,-26.983907,5.095306,1.588933,19.610546,-16.923206,-11.122276,-32.68685,-27.086867,-16.721866,-24.023066,-4.670855,-16.487529,-12.649007,-7.998011,4.163503,-8.042639,-0.024892,-1.667083,13.828337,10.224191,-10.824659,-9.600037,-9.5968,-1.196868,-1.051208,-4.779575,-4.170066,8.028906,-24.304456,-0.851819,2.254148,12.668116,71.864105,173.481848,45.255423,134.996415,34.211565,-7.191675,13.964477,41.533102,-7.871282,7.800021,55.867053,66.973044
-57.928852,-34.031608,-55.085377,-24.0177,-10.020791,-0.123886,-35.420168,-33.620564,-8.961416,-0.28951,-18.067454,-18.076537,-14.116245,-20.112716,-25.660725,-4.517838,-12.969491,2.924976,-43.563994,-66.080971,-15.933161,-17.330836,-33.644291,-34.824813,0.520841,-30.701251,-5.463808,-12.966282,-22.359961,-9.643316,-0.571456,-30.57722,-35.847897,-64.553552,-16.381453,-9.613952,-21.269231,-3.829445,5.242672,-5.526922,-12.951162,-5.64378,-41.599457,-84.888103,-27.893264,-63.597193,-48.95498,-45.022115,-32.47774,-41.500284,-30.733253,-41.222055,-11.668563,-28.227088,-4.646379,-25.596496,-35.790255,-35.814305,-63.981654,-27.388737,-38.077311,-30.578099,-12.923585,-12.409183,-54.739638,-32.881041,-34.500322,-22.88616,-53.237871,-118.458768,-16.071123,-32.089493,-24.29183,-14.039037,-24.988382,2.600542,-17.700511,-26.440286,-4.437087,-13.760995,-14.281005,-40.858883,-15.830709,-17.464609,-27.684222,-27.887801,-1.243614,-1.628893,-9.035016,1.184337,11.855516,12.025366,-11.629455,-9.929391,-21.788797,-10.096005,-22.841922,-1.576357,-18.734648,2.567056,-26.878489,-6.43645,16.404875,14.976836,110.698346,118.213544,52.1413,149.40388,59.283058,-8.228604,-20.774541,14.28676,3.977278,7.820414,140.72251,83.481253
-60.324354,-42.852258,-51.52577,-20.89185,-12.564735,2.818436,-39.277679,-34.652355,-8.514594,9.543078,-11.957033,-19.693562,-8.987241,-15.600286,-35.52801,7.945152,-13.85145,-7.269256,-44.230303,-78.334908,-56.900916,-54.250923,-43.304139,-65.688113,-18.20581,-51.00686,-18.948398,-12.69352,-32.309242,-15.585123,-13.774965,-61.124812,-29.716899,-91.232682,-31.142913,-65.030771,-33.636959,-24.399787,-19.05263,-12.910494,-55.6404,-32.288269,-59.172767,-107.12392,-32.304842,-81.51786,-79.928896,-94.369354,-34.213266,-44.915902,-36.502779,-39.572837,-33.993529,-65.804428,-21.605409,-43.63551,-29.192097,-41.073804,-54.929086,-30.431956,-43.948697,-42.897879,-23.560774,-26.096079,-53.12423,-28.950107,-28.12526,-45.700192,-34.149909,-123.848117,-25.181762,-52.508904,-19.159187,-36.565024,-53.846554,-20.912894,-20.594527,-38.857904,16.051633,-9.753002,-19.724493,-51.478535,-29.677049,-24.220165,-41.068241,-44.817901,-8.105,-1.421217,-23.488296,-8.292508,-10.998601,-11.979348,-17.135833,-13.729522,-38.761372,-18.372475,-43.146734,-12.51802,-37.849433,-12.441144,-10.336653,-9.06791,7.574309,2.597019,56.819745,3.226659,13.344642,58.650173,26.891344,-13.405302,-59.184964,-30.602934,3.793078,-7.542648,85.26725,23.279841
-40.183625,-36.816923,-31.528967,-9.99875,-13.388839,1.601865,-28.64244,-19.926249,-8.158051,8.347496,0.092097,-7.788863,-0.861074,-5.472797,-34.343056,6.841185,-9.357154,-23.355203,-25.544955,-57.271555,-70.916243,-62.158509,-33.929104,-59.534102,-26.500186,-47.772128,-23.985007,-14.086131,-33.946148,-19.532312,-19.831958,-58.381216,-15.434234,-82.859905,-37.388501,-100.476145,-30.139635,-32.877259,-37.155367,-14.371938,-65.056622,-39.244364,-60.190318,-92.754123,-31.511671,-76.427764,-86.024326,-110.776702,-27.031099,-37.192729,-36.17456,-24.901496,-42.276041,-73.431248,-27.748294,-48.127011,-7.660478,-37.065613,-36.870342,-30.203098,-36.605525,-36.007635,-24.715081,-34.436253,-31.583042,-17.367202,-21.753342,-52.171648,-10.068222,-113.325866,-25.117509,-45.49228,-15.274284,-37.152485,-54.260881,-26.376645,-20.101471,-41.295644,16.541538,-12.45675,-25.03067,-45.422358,-32.973966,-25.090356,-39.186184,-42.305262,-10.493605,-3.84359,-30.108889,-17.576273,-31.742184,-38.766282,-20.741509,-18.271604,-45.13722,-22.584114,-40.912482,-25.883791,-45.016094,-22.432002,7.876794,-7.874415,-11.208262,-16.237015,-24.692819,-79.764235,-35.522659,-43.880786,-28.22895,-21.044733,-77.273405,-55.486115,1.530519,-26.955435,-40.13647,-48.553121
-7.087748,-12.560256,-7.563622,2.929984,-12.687505,-3.109952,-9.127209,5.077258,-11.577774,-4.285399,13.052484,14.362997,7.028467,9.216656,-21.911122,-1.645026,-1.284406,-28.488758,1.354709,-14.695076,-47.232527,-38.135752,-16.892244,-21.550222,-26.572007,-27.121277,-17.854797,-10.732501,-23.960492,-12.424059,-23.144533,-26.996984,0.677123,-39.547328,-25.614991,-87.268622,-6.857805,-18.439848,-30.096846,-9.027827,-33.353321,-10.723781,-39.310321,-46.084508,-19.639944,-43.702382,-57.842931,-81.759016,-12.25983,-19.819741,-22.11538,-4.525916,-20.060452,-42.130608,-16.51848,-32.8201,16.088521,-18.079413,-9.332464,-20.58382,-14.671503,-3.817173,-13.288899,-24.219237,-1.779821,2.794505,-9.49958,-27.010148,9.413897,-82.200776,-15.833031,-13.598671,-10.917699,-11.220651,-21.041677,-7.731491,-8.570671,-27.248342,2.020715,-11.243719,-21.364783,-23.977185,-20.547686,-12.492568,-19.800927,-18.685731,-6.507702,-2.557185,-20.645586,-13.565263,-28.062307,-39.632109,-13.606628,-15.902703,-35.337295,-22.207967,-15.461167,-26.413233,-30.544565,-17.313921,12.38333,-4.236943,-16.68137,-26.424701,-51.431371,-86.932912,-50.305557,-64.972443,-57.885152,-25.191863,-60.114031,-42.366168,7.858521,-33.346667,-102.105913,-62.366396
19.748803,16.830377,8.560878,11.801445,-12.009005,-7.875422,8.176313,24.872226,-18.095277,-18.716641,17.125871,29.632386,8.161747,20.621899,-6.640303,-7.243704,1.815485,-15.824175,19.707127,19.655086,-6.73996,-3.241682,-7.313838,16.546862,-28.648002,-7.791428,-7.616071,-0.933813,-10.123861,2.384921,-30.371434,5.551959,10.744813,9.500982,-2.779646,-36.177072,20.504995,7.044645,-3.561,-2.06705,7.579407,33.164309,-5.2423,7.442929,0.246387,1.00603,-11.584058,-26.460482,3.613246,-0.395944,3.035196,12.680086,19.959519,3.853799,2.161488,-6.880071,26.940425,9.021123,19.913653,-1.738515,11.462666,31.647044,1.206378,-0.144907,18.514464,22.706267,9.491873,15.739891,19.226111,-34.509821,-2.892558,20.670766,-4.366483,19.814496,18.620455,16.013454,11.500976,-1.423564,-14.735988,-2.829602,-8.862442,-0.758143,-0.724095,7.100757,4.369286,10.445688,0.181467,3.884972,-1.092573,2.424018,-2.23032,-11.169332,3.505841,-4.580455,-19.760582,-18.089573,11.668864,-11.900896,-3.678257,-2.483262,3.19731,-0.833182,-1.455331,-20.125259,-7.063176,-48.152379,-22.920651,-3.22557,-46.105895,-22.053288,-20.610491,-8.637968,19.356322,-22.949281,-44.172565,-13.852996
26.781452,32.586375,13.46172,13.78726,-11.890847,-9.5929,14.979371,27.019177,-22.448341,-24.188843,8.373231,24.568118,0.251222,20.091642,2.016394,-6.848216,-3.329929,3.779069,20.781902,25.002272,19.060288,17.483138,-8.774597,28.008686,-35.366572,-2.693136,-2.077755,9.077985,-3.280284,12.430506,-39.081331,16.772835,11.628733,32.223901,14.035888,11.469228,31.502309,21.365458,18.429084,1.309014,20.096363,54.57028,22.90961,38.559287,16.531936,31.36454,23.244684,17.444081,13.062516,12.025983,24.625718,20.071266,47.082751,30.965006,13.04337,12.387724,20.499299,28.56476,36.103661,16.072079,26.917258,42.09149,8.156415,19.88009,20.464977,29.588112,25.048672,42.977663,18.677698,6.409469,6.152367,34.505064,1.903707,31.223558,33.544507,22.461721,26.656647,19.79411,-24.896006,5.457923,3.668686,10.380665,12.663361,19.043033,17.157287,25.938376,4.187705,10.298785,13.852635,16.452651,21.977722,21.228721,18.649944,7.715887,-12.057504,-11.11775,19.312739,5.126078,15.349297,7.685763,-7.752054,0.253769,18.880779,-4.096869,51.93528,-17.523883,14.172202,62.796146,-15.309341,-13.563546,10.255277,13.616013,22.936976,-8.869667,64.811873,41.113012
16.89368,27.834188,11.775643,10.404117,-10.610689,-7.684492,11.620566,13.80091,-19.642008,-18.098635,-5.406344,4.847486,-10.167166,8.256522,2.020211,-4.599549,-9.804523,14.073759,10.15388,7.93123,17.75152,16.104449,-11.771041,14.303963,-37.162256,-7.927012,-2.967525,11.559243,-5.586319,10.319131,-38.728659,8.091068,7.227881,22.911462,14.78501,23.797346,21.00278,15.119035,19.108116,0.970809,0.239659,37.213729,30.24682,36.322234,19.803022,32.67324,29.29867,25.887097,13.302163,13.727301,28.631987,16.365106,42.808002,27.097335,10.594737,15.144086,6.524963,30.031774,31.335941,21.12338,25.289272,23.602389,6.520672,23.240411,10.308612,19.807606,25.837067,35.275276,11.286597,17.064353,7.440111,24.229699,4.02172,19.268511,19.42598,9.36683,25.648059,22.377693,-26.523371,6.172959,8.081356,7.476519,12.970852,15.674668,13.58416,21.41586,3.418962,10.680539,15.082646,17.382971,24.847276,30.513222,20.448503,11.061521,-13.893469,-2.945677,7.656009,11.276057,15.255583,5.736153,-10.354616,-0.863964,24.300587,7.524212,64.055182,-15.828811,25.634442,66.025522,4.405835,-5.069058,13.488987,10.284224,12.790764,-5.369304,115.754487,51.935617
