#2001,#2002,#2101,#2102,#2111,#2112,#2201,#2202,#2211,#2212,#2301,#2302,#2311,#2312,#2321,#2322,#2331,#2332,#2401,#2402,#2501,#2502,#2601,#2602,#2611,#2612,#2701,#2702,#3001,#3002,#4001,#4002,#4011,#4012,#4021,#4022,#4101,#4102,#4111,#4112,#4201,#4202,#5001,#5002,#5011,#5012,#5021,#5022,#5101,#5102,#5201,#5202,#5301,#5302,#5401,#5402,#6001,#6002,#6101,#6102,#6201,#6202,#6211,#6212,#6221,#6222,#6301,#6302,#6401,#6402,#7001,#7002,#7011,#7012,#7021,#7022,#7101,#7102,#8101,#8102,#8111,#8112,#8121,#8122,#8201,#8202,#8211,#8212,#8301,#8302,#9001,#9002,#9011,#9012,#9021,#9022,#9031,#9032,#9041,#9042,#9051,#9052,#9061,#9062,#9071,#9072,#9081,#9082,#9100,#9110,#9120,#9130,#9140,#9150,#9160,#9170
13.967968,15.338331,28.359488,23.168368,30.367551,29.911207,16.533174,27.381484,22.790064,36.034226,7.392885,5.756609,0.235276,4.073416,9.156822,20.469784,19.010754,31.604871,10.164669,6.833013,24.618906,32.165233,15.13093,17.036435,29.460193,45.074808,19.486465,17.625619,33.426776,33.985913,18.957175,45.609202,3.236705,20.715884,-1.883466,11.504583,22.627731,34.380844,26.696496,19.159942,47.60854,71.749272,21.559946,30.201693,9.171512,13.355125,21.719597,14.069087,0.228457,2.573783,11.530625,-4.80517,15.83119,21.14705,13.365023,21.415317,28.247754,22.747482,16.542145,13.948258,5.861483,2.891591,18.416486,14.998048,-1.169389,-6.040648,5.872832,10.168272,-0.029289,21.99234,16.539751,15.635843,27.985649,21.158305,22.642504,22.940019,20.056041,40.753482,36.876486,19.061133,30.436709,19.167449,3.741756,42.311999,3.187083,9.919399,0.337524,7.368197,3.165484,12.241807,15.09956,13.808941,8.950006,6.75925,85.468662,30.293533,23.481255,24.078971,30.539718,24.71843,3.653551,0.540089,2.328889,-2.027791,-7.844044,-11.378977,7.881824,-1.487471,-18.523167,34.807525,11.742986,35.038601,7.585024,14.635192,-21.199514,37.210756
8.459939,10.743047,24.961676,21.311784,30.570273,30.957858,12.900348,23.519129,22.10062,38.795147,3.685009,-0.239029,-2.695091,-1.282733,4.875927,13.684507,20.670745,34.759222,8.624923,3.608408,21.343606,25.669743,11.484049,16.902097,28.005939,50.632333,16.513767,14.854134,31.347255,31.453712,16.897599,43.488201,-1.142047,13.753658,-3.46556,16.158955,19.050624,28.40116,24.687169,17.673725,24.791434,67.889488,7.29416,10.301559,6.937569,5.282765,16.027508,6.544307,-2.010384,-1.666657,7.868777,-3.326739,9.537106,19.820378,9.304744,18.934717,27.660111,22.077332,14.496416,19.918497,4.166745,0.197748,21.093368,19.283638,-8.707685,-12.545455,8.200296,12.297627,-7.320374,16.232985,15.660011,11.788641,29.388111,19.564255,27.410213,21.381476,18.456046,33.745269,35.238176,19.687537,30.251181,21.745904,0.598296,37.110368,-1.549145,6.380892,-3.401114,5.019247,-0.093191,9.439207,14.951823,14.100422,8.94373,4.156107,110.158362,33.49591,19.133794,27.331292,33.260094,28.55528,3.253816,-1.755779,3.435868,-3.132781,-2.797657,9.391765,9.655739,9.804551,6.499448,34.882936,-3.043664,35.001626,9.186541,15.28136,-22.417933,62.251393
-1.447578,1.105204,12.992158,11.349273,22.072498,22.337886,5.247677,10.588421,14.233299,31.318728,-2.054886,-9.624732,-7.424235,-10.756131,0.252122,0.057099,17.749308,28.161785,6.479836,-2.015263,11.419041,5.347242,4.153916,8.941888,21.521011,42.696047,7.025602,5.426089,21.770441,19.448609,10.876869,27.465484,-5.020664,0.801164,-5.610681,13.155768,8.27023,11.437744,11.918915,9.626057,-16.101898,42.982218,-14.37078,-20.287731,-1.033339,-12.339288,6.460807,-3.520966,-4.76027,-5.757341,1.199729,0.375507,-2.564766,12.857926,0.739872,11.624922,18.737296,13.489077,8.052855,23.17143,-1.906683,-4.294499,18.845541,18.878779,-14.504153,-19.965502,10.399782,7.376451,-14.091915,0.208047,10.38367,3.994217,23.85265,13.167681,26.114504,16.605505,12.628428,16.202118,24.535062,15.767468,21.921379,18.279398,-3.335488,18.346993,-6.933318,-2.306111,-7.261907,0.080961,-4.179301,1.673948,11.055967,11.109883,5.559181,-0.09865,106.550814,30.534854,9.204204,23.880314,29.094851,25.77326,1.594293,-4.061732,4.224202,-3.615863,4.140968,31.796725,7.471821,19.113895,34.677231,26.567426,-20.216731,23.092489,7.145252,13.620547,-17.689236,74.000611
-10.082169,-8.473096,-0.964443,-1.269621,9.504111,8.056793,-2.09139,-3.908559,2.8468,17.629722,-6.553954,-17.729312,-11.628616,-19.199847,-2.244168,-13.757931,12.791452,15.931183,5.459184,-6.718852,0.260242,-19.631419,-2.784069,-3.054294,13.688817,25.268102,-4.455091,-6.065606,10.768069,4.607642,4.953645,5.652878,-5.544129,-10.438493,-6.785457,3.471175,-3.963886,-7.145143,-5.032353,-0.248822,-53.645545,10.116278,-31.954013,-44.626482,-10.366756,-29.487358,-1.248163,-10.496128,-6.084526,-6.202687,-4.781584,4.702557,-14.963311,4.079444,-7.571802,3.534819,6.874209,1.12769,0.832867,22.732743,-9.462876,-7.656384,13.888511,14.40636,-15.112631,-24.110439,12.563602,-1.288483,-15.002778,-16.801175,3.344366,-3.300438,14.708665,5.622047,19.348132,11.623483,7.5448,-0.329473,11.180746,10.425188,10.205958,10.911976,-6.079539,-4.71027,-10.21603,-11.486171,-9.409022,-5.231139,-7.110275,-7.285843,5.481145,6.866719,0.211405,-3.581479,78.427587,22.909037,0.6488,15.677204,21.576264,19.304181,-0.306074,-4.94066,4.802232,-2.826489,10.446081,44.571276,1.944288,22.656659,48.774483,15.651238,-30.509937,6.518037,3.758857,12.759226,-9.195034,65.201779
-12.918676,-13.963889,-9.714067,-10.359908,-1.226383,-5.6469,-5.408198,-12.620578,-7.047068,3.459788,-7.395343,-20.36542,-13.039617,-21.530936,-2.176599,-21.316624,8.039464,3.920143,5.988271,-8.593056,-6.930014,-37.581614,-5.62387,-13.423416,7.21919,6.731124,-12.656682,-13.768184,3.68912,-5.815253,3.118457,-10.632364,-2.406601,-14.086923,-5.570312,-8.336513,-11.371819,-17.193452,-16.938236,-6.183113,-66.550494,-14.710786,-36.477434,-49.685412,-16.130068,-35.694919,-3.846255,-11.61713,-6.262556,-2.468519,-7.496409,6.408887,-22.583879,-3.277011,-11.213101,-2.008458,-1.940847,-9.794788,-4.675553,16.509816,-15.283396,-8.383114,8.146786,6.865465,-9.858621,-21.865264,13.495316,-8.61772,-8.274167,-25.887427,-2.421457,-6.612742,6.008346,0.156487,9.778577,8.11158,6.914262,-5.911939,1.338246,6.932199,0.539052,3.232245,-6.485537,-21.332986,-9.835801,-15.914506,-8.763008,-8.458761,-7.4519,-13.16226,0.20275,3.117391,-5.076314,-4.791447,40.955928,13.085169,-1.495295,6.438204,13.60742,12.782501,-1.345622,-3.681108,5.276819,-0.637246,14.182128,41.993744,-4.424956,19.965065,39.101996,7.284613,-28.49004,-6.029458,1.624819,14.266633,-0.74043,38.650623
-9.43931,-14.716445,-9.797087,-12.604054,-6.557842,-13.834838,-3.820664,-12.654107,-11.960366,-6.795403,-4.525081,-16.080839,-10.826219,-15.842385,-1.114988,-20.055467,3.780662,-4.005099,7.112369,-8.518238,-8.248655,-41.438506,-2.991059,-17.728149,2.379106,-4.561509,-14.642768,-13.936903,1.809207,-8.206682,6.86706,-12.880748,1.917611,-9.483385,-1.619048,-16.636727,-11.053823,-14.048054,-17.816376,-5.094234,-46.492951,-22.23545,-26.754016,-34.51055,-15.301722,-26.424688,-2.211813,-8.755911,-7.141444,2.740512,-6.843174,2.978392,-23.645493,-8.414438,-9.094621,-4.284304,-4.95537,-16.09486,-8.425944,2.597995,-17.741735,-7.299279,1.815888,-3.209978,-0.782337,-12.746754,11.293852,-10.982649,2.676956,-24.201114,-5.259181,-5.543547,0.111157,-2.334884,0.88566,5.633921,10.516227,1.306388,-2.473422,6.644671,-4.382447,-1.883244,-4.876308,-25.650402,-6.20439,-12.965812,-5.597319,-8.238978,-5.144974,-13.607975,-4.306609,-0.133984,-8.985772,-4.275567,10.439985,2.650748,2.608397,-0.988004,5.227107,7.636597,-1.243305,-0.997063,5.347665,2.167503,14.433162,25.879618,-9.256671,13.187237,9.038564,2.065976,-16.397844,-10.071571,1.30756,16.583094,4.239982,3.93004
-3.074,-12.998184,-3.08241,-8.825188,-6.864728,-15.034946,0.594717,-6.284263,-11.471683,-11.347777,-0.115447,-6.614519,-5.970398,-4.470368,-0.986515,-12.224942,-1.262292,-7.645204,7.514167,-9.118012,-5.645938,-32.594428,3.756574,-14.754035,-2.16212,-4.307862,-11.150896,-6.975706,2.339946,-4.038408,14.359158,0.27103,4.142233,-0.639229,3.986484,-17.614526,-5.004042,-1.187532,-8.662576,1.553603,-3.319659,-14.634868,-9.355478,-9.908118,-7.81681,-5.484402,0.207768,-6.495955,-9.697833,5.892792,-4.600182,-4.84208,-20.006887,-12.422543,-4.089473,-4.880046,-3.764936,-17.839283,-11.769393,-17.965542,-17.191232,-6.337703,-5.986344,-15.264888,9.04083,1.024509,5.005112,-7.987739,11.344521,-15.685466,-5.540064,-2.506816,-3.080216,-3.249554,-4.489316,2.757592,14.576995,14.484242,-1.80764,8.369361,-5.705249,-3.662647,-2.670776,-19.358915,-1.288067,-4.252967,-1.386041,-5.073844,-1.480713,-9.264191,-8.983558,-4.405499,-11.470554,-4.067399,-5.425847,-8.343713,8.363791,-6.254853,-5.487708,2.379877,-0.788636,1.301023,4.312488,4.130097,11.163379,2.940187,-12.001103,4.95687,-27.69517,-3.810708,-2.735504,-7.61263,0.914372,16.039698,4.4032,-29.474992
1.578131,-11.467377,5.186931,-2.435804,-5.182413,-10.958374,4.633706,1.878714,-7.692748,-10.378312,3.002755,4.43469,-0.503865,7.548358,-2.215145,-2.766876,-8.025277,-9.316605,6.673443,-12.176949,-2.838289,-18.996014,11.715918,-6.400342,-7.073844,6.166366,-5.483116,3.079629,1.402846,2.051018,21.579359,22.629821,2.797171,7.331709,9.278084,-10.867228,1.659613,12.36034,3.524764,8.981542,40.661585,-2.624699,6.29674,9.697038,3.884674,17.774483,0.586044,-8.086876,-12.234117,5.678552,-2.590404,-12.588496,-15.049074,-16.108974,-0.837681,-5.734868,-2.200559,-17.169997,-15.2637,-39.44925,-14.877952,-6.392716,-15.187223,-27.464765,17.301679,15.693198,-3.961644,-1.846268,12.608152,-6.772863,-4.889089,-0.486688,-5.060454,-4.561723,-5.161411,-1.097556,14.777073,23.467876,-0.093121,9.38267,-6.687065,-3.353903,-1.31951,-9.393996,2.625378,5.377206,1.984853,-1.070366,1.729685,-2.927421,-14.666201,-10.928548,-13.205138,-5.809794,-10.264745,-20.359265,10.736679,-10.955991,-19.276265,-5.380689,-1.193248,1.539241,1.608715,3.966718,4.984592,-19.785903,-13.887516,-3.209906,-55.623125,-14.513071,3.595487,-4.638784,-2.018617,9.825989,1.078367,-57.003687
2.053385,-10.83838,10.162573,3.365532,-4.394214,-4.541226,6.243505,8.568657,-3.441436,-4.881473,3.131537,13.554821,3.687635,15.407437,-3.247038,4.059772,-15.529026,-11.262336,5.164811,-16.717697,-2.389707,-9.197718,18.21016,4.026433,-10.818648,21.181691,-1.006931,11.151606,-2.647732,5.72778,24.631629,43.854551,-0.592053,11.741448,12.522228,0.941748,4.316373,17.899764,10.629388,12.446686,63.691682,2.483817,13.947688,15.997532,16.020298,34.173327,-1.159261,-12.55951,-11.28119,4.067546,-1.232467,-14.626184,-10.971822,-18.403964,-2.314234,-7.300457,-2.945259,-16.03462,-17.5307,-52.997783,-11.652064,-6.321834,-23.375145,-36.192587,23.03324,27.474792,-11.994518,4.725208,6.377466,-0.932017,-4.749871,-0.704382,-7.036936,-6.960293,-1.866894,-4.798588,9.503753,21.980672,0.084295,7.236244,-9.694335,-3.006772,-1.330932,-2.662396,4.136284,10.794271,3.170169,1.242112,3.215115,2.378228,-20.501531,-18.73919,-14.478455,-9.057364,-13.624394,-32.622905,8.219553,-16.452033,-33.267698,-15.973202,-3.033952,-0.550561,-2.496331,1.486406,-2.855064,-37.95005,-16.20315,-10.817168,-66.031762,-29.985674,-0.484832,-6.059248,-7.945847,-1.360917,-2.525357,-78.293661
-0.61189,-9.662022,10.157501,7.398189,-5.188021,1.906855,5.544902,13.383877,-0.636525,3.611261,0.475384,18.569104,5.594133,16.847494,-1.9385,6.850963,-21.169747,-13.868758,3.889627,-19.430637,-4.198831,-6.817907,21.92536,13.679133,-10.402324,33.683708,0.824418,13.998277,-8.19556,5.389785,21.699167,54.547419,-2.765367,13.16855,13.193834,13.785507,1.695757,12.259532,8.700184,10.270485,56.802415,-3.916937,13.474286,11.145857,24.620153,39.406704,-2.891065,-15.380878,-4.88601,4.396446,0.361519,-8.25678,-7.657055,-16.978235,-7.669643,-8.348105,-5.641903,-14.763025,-16.380852,-51.461797,-7.733377,-4.183092,-26.638757,-37.388759,25.852475,33.604175,-15.240315,10.229092,-2.268608,3.356794,-5.414429,-2.005965,-9.064652,-9.338864,3.209607,-6.445808,0.886327,11.389812,-1.79983,1.128829,-14.296865,-4.112695,-2.045612,-1.725614,3.235834,9.582193,1.957019,0.376511,2.841022,5.018084,-23.781622,-24.414056,-14.563594,-11.233644,-22.308553,-42.348627,3.676917,-22.00333,-41.785038,-26.337684,-5.647733,-3.513794,-6.693733,-2.116635,-10.426775,-49.826143,-18.501597,-17.122177,-60.293477,-44.717431,-10.104463,-12.023586,-14.34862,-13.137611,-3.039494,-92.420572
-3.308654,-6.236487,6.665773,10.166166,-6.229401,7.177454,4.007612,17.286841,0.087042,12.398308,-3.469076,18.718768,5.002383,12.56139,2.278268,6.771301,-22.722793,-15.923198,3.001054,-17.21886,-6.325157,-9.22219,22.851134,21.003119,-4.055571,38.234023,0.654556,11.578891,-12.204088,2.142281,13.608658,50.3094,-1.469228,13.447219,12.1624,24.129546,-3.900993,-0.925143,0.001153,4.452112,27.989439,-17.755793,9.267104,4.154646,26.566817,35.049767,-2.689428,-12.199277,4.47729,8.061283,2.982892,3.625411,-3.805823,-10.676791,-12.913636,-7.468686,-7.841908,-12.471729,-11.29306,-34.502469,-3.589972,0.283992,-22.29598,-29.218098,24.979522,32.760635,-12.133141,14.518564,-6.593242,9.741108,-6.140834,-2.288126,-10.503163,-9.934019,7.385002,-5.322855,-7.029948,-1.337333,-4.908818,-7.865901,-17.798893,-6.948731,-2.24511,-4.232466,0.980023,3.243956,-0.772946,-3.199993,1.415272,5.100543,-21.628769,-24.01034,-12.201392,-9.481632,-35.200036,-45.943028,1.559796,-24.911218,-40.198057,-31.676626,-7.519898,-5.142194,-9.235363,-4.91457,-15.459904,-54.431685,-18.498007,-20.323981,-46.951363,-51.151969,-15.947293,-18.238466,-17.425013,-20.070095,1.264107,-94.286826
-3.720393,-0.800073,2.150707,12.136574,-6.078145,10.434416,2.68882,19.933982,-1.256013,17.370553,-7.19375,14.137142,2.032608,4.91775,7.2834,5.553607,-20.309391,-16.277408,1.576235,-9.830064,-7.164476,-10.875708,21.420955,25.401798,6.314189,32.806139,-0.148685,6.303814,-13.109819,-2.038854,2.950439,32.986137,2.520709,13.039895,10.978559,30.001325,-8.837081,-14.218148,-9.316794,-1.360494,-3.725759,-30.233469,5.958798,2.866144,20.719856,26.084976,-0.895105,-2.711057,10.371305,12.712316,6.00838,13.688308,0.90054,-1.582865,-13.910746,-4.841052,-7.720666,-8.610309,-4.897278,-10.004712,-0.740868,4.304875,-11.399389,-14.099967,19.292664,25.207758,-4.634901,17.687593,-2.848869,19.093795,-6.062547,-0.604833,-11.072788,-8.041537,8.514326,-3.07374,-11.375512,-9.425641,-8.453667,-17.556117,-17.582425,-10.786984,-1.102572,-5.929187,-1.265231,-3.994423,-3.603079,-7.263549,-0.053692,3.674472,-13.396118,-16.00069,-6.875184,-3.105208,-45.120783,-41.582611,3.891777,-22.720109,-28.894247,-28.970836,-7.421406,-4.089535,-9.043808,-5.472411,-16.2416,-50.416414,-13.988757,-18.358107,-35.603427,-45.290866,-10.892938,-19.709912,-15.211308,-19.309791,9.455654,-76.524994
-2.210545,4.09758,-2.252829,12.469218,-4.977182,10.526299,1.135013,18.675329,-4.634265,14.413047,-10.01549,5.594944,-3.003516,-3.65448,9.328921,3.737205,-16.476411,-15.167032,-1.555764,-0.384402,-6.990707,-8.329294,17.760732,26.5371,15.189898,19.056642,-1.015816,1.032205,-12.186206,-6.081971,-7.434851,8.998529,5.79557,10.358179,10.753357,31.077023,-10.912068,-21.234749,-13.888117,-4.813372,-20.17662,-34.266485,5.076966,8.014043,8.917478,17.378806,0.090368,8.504495,6.737243,13.743749,7.482961,14.837396,4.717187,5.422522,-9.455607,-2.606094,-6.04397,-4.012816,-1.699173,10.025715,-1.204969,3.56374,1.198492,1.821388,8.62467,12.932409,2.870571,19.127469,7.261902,27.2624,-5.012833,1.900237,-11.344748,-4.81213,5.714421,-2.853576,-12.320966,-11.140044,-12.283943,-25.65964,-13.290617,-14.512039,1.199948,-4.531582,-2.46977,-7.855263,-5.298582,-9.077212,-1.048236,1.680975,-1.882636,-3.022731,0.196454,5.326381,-45.607653,-31.217161,8.36583,-15.732233,-13.969572,-19.615726,-5.417393,-0.945652,-6.535593,-3.803032,-12.649176,-37.149008,-5.275185,-10.831241,-31.879184,-30.123823,4.938877,-14.778979,-9.535223,-12.560666,18.232867,-36.463806
-1.211762,5.565985,-7.19727,9.484085,-4.867994,6.383821,-2.094152,10.507329,-9.835548,2.145394,-11.884256,-5.186518,-9.173613,-11.382315,5.707529,0.63046,-14.100392,-13.950612,-6.478336,6.743103,-7.566113,-2.860624,11.690282,24.151786,16.522553,1.350072,-2.52323,-2.635434,-12.230092,-10.098387,-15.624322,-13.978789,4.936562,3.662902,11.386416,28.176801,-10.563909,-20.03023,-12.606026,-6.398352,-14.444283,-28.793515,4.957735,13.731556,-3.996971,11.583377,-1.937533,15.000134,-6.782175,8.134557,5.679925,5.344878,4.976649,5.76379,-2.160189,-3.371547,-5.576602,-0.363735,-4.569112,16.918719,-5.587551,-4.088415,9.651486,11.965019,-4.826189,-0.407164,6.39376,17.833014,17.994611,27.928789,-3.577145,3.033876,-12.162249,-2.447138,-0.489061,-6.855282,-12.326706,-10.086707,-16.232388,-30.470231,-7.140541,-17.08439,3.56665,-1.439902,-2.18796,-6.412174,-5.304877,-6.993935,-1.690061,-0.460969,7.830682,9.078364,6.320373,11.275652,-36.800625,-20.160111,10.134323,-7.615203,-3.606255,-8.949279,-2.91185,2.085733,-3.464278,-1.333382,-6.506413,-16.989828,4.120726,-0.323624,-35.911705,-14.019339,24.236895,-6.314177,-4.933988,-4.854353,23.469219,17.269131
-2.703532,3.096711,-13.583032,2.492491,-7.591941,-1.690237,-7.743751,-4.513342,-15.700388,-15.98325,-12.550449,-15.231671,-14.436058,-16.814624,-2.890453,-4.172256,-13.774795,-13.615218,-11.553284,9.071304,-10.254383,1.04686,3.37352,18.575742,7.889819,-15.011655,-5.406847,-4.719884,-14.791017,-14.287827,-20.946186,-30.25858,-0.638842,-6.298711,11.649637,22.651346,-9.804665,-13.169667,-8.541812,-8.509,6.219366,-18.446665,3.361268,13.469386,-11.941035,9.178588,-6.712031,13.107217,-22.89027,-2.45075,0.854326,-9.347357,0.620879,-1.243688,3.4711,-7.997852,-8.37916,1.46842,-11.657153,11.123418,-11.354774,-15.542689,10.920015,13.371219,-16.510879,-10.234191,4.912328,13.688897,23.684303,18.495078,-2.428525,1.647781,-13.596763,-2.471778,-8.584078,-14.084387,-13.560256,-11.163213,-19.167824,-31.029112,-2.225223,-17.66066,4.665995,-0.232714,-0.481596,-0.834673,-3.841651,-1.479425,-2.317205,-2.48679,11.383354,14.548015,8.881685,11.219705,-25.655769,-14.067123,5.854827,-3.231571,-2.531227,-2.778793,-1.61748,2.747158,-1.771769,0.145282,-0.7467,3.777981,9.461504,8.474989,-43.758008,-5.048751,37.415325,0.670906,-5.057456,-0.944571,22.380344,64.847372
-5.977605,-0.393378,-20.643356,-6.711146,-12.8616,-11.146188,-14.51992,-21.497771,-19.755462,-32.407427,-11.055791,-20.878681,-15.926813,-18.332419,-12.203213,-9.311052,-12.990988,-13.594283,-14.232829,7.677873,-14.38453,-0.213059,-6.076549,11.266199,-7.331291,-25.87629,-9.300854,-6.001198,-18.453233,-17.846863,-23.649197,-37.966977,-7.890884,-15.595237,10.054128,15.883334,-10.018212,-5.112034,-5.800455,-12.905552,26.034054,-9.628949,0.114793,6.054501,-10.853844,9.538975,-11.321188,4.658079,-30.382585,-12.0882,-4.401901,-19.809452,-6.060065,-11.233838,4.319659,-14.518141,-13.361352,2.597558,-16.519264,1.96722,-13.220948,-22.889462,6.731291,8.637631,-21.543037,-12.717366,0.852265,8.357084,22.511527,3.876969,-1.639178,-1.075821,-14.561505,-4.532836,-16.766622,-20.306953,-15.738772,-15.792834,-19.069463,-27.091857,-0.247791,-15.608356,3.715733,-3.432326,2.243361,5.73903,-1.644809,5.084123,-2.915855,-3.737572,7.970335,11.249688,7.163273,5.234246,-20.408929,-15.150198,-3.302147,-5.038536,-8.69135,-3.376959,-2.199355,0.417965,-2.21225,-0.191853,2.279404,17.078266,8.285335,11.617999,-49.699073,-5.438034,38.749061,2.886,-9.263887,-1.922761,15.251064,84.052826
-7.700566,-0.411923,-25.59282,-14.249842,-17.870366,-17.959598,-19.373471,-32.674622,-19.087303,-39.325566,-6.210547,-19.419525,-11.339337,-14.47827,-16.784217,-11.812964,-8.105902,-12.178917,-12.886105,6.003273,-17.412772,-6.255002,-14.695298,4.584289,-21.670124,-30.000569,-12.496041,-6.937239,-19.800371,-19.148802,-24.405153,-38.95688,-12.181128,-19.440215,5.917907,8.903895,-10.559639,0.806327,-6.065843,-18.741246,30.894148,-6.292568,-2.594799,-3.173208,-1.651601,11.534212,-12.456334,-4.333931,-21.642565,-14.644429,-6.732438,-18.873402,-10.216812,-17.327899,0.855315,-19.212914,-16.415305,5.421337,-12.011775,1.108525,-6.173497,-17.961328,2.126357,4.105912,-17.636686,-6.74863,-1.86323,4.58561,17.251866,-5.706294,-0.655819,-2.383246,-13.639754,-6.728117,-23.493803,-20.582815,-16.262916,-20.48173,-14.440006,-19.197045,-0.491642,-10.727113,0.914854,-10.222789,5.343994,10.259598,0.445464,9.7398,-2.931499,-3.159818,0.959269,2.025362,3.060155,-2.77513,-23.831736,-20.354312,-12.183702,-10.771415,-14.823863,-7.946875,-3.654485,-3.328129,-3.771521,-1.579585,2.245356,17.416036,2.671908,8.757535,-48.055877,-10.389637,29.441121,1.006543,-12.289766,-4.549154,5.696931,63.176666
-4.421677,5.533077,-25.396006,-16.473057,-19.098408,-18.970529,-19.401112,-32.183911,-12.229318,-33.560932,2.198782,-10.919306,-0.701429,-5.147661,-13.463104,-9.057445,2.229771,-8.306534,-8.263857,6.728157,-16.884437,-13.076467,-20.525622,0.666464,-28.28029,-29.653437,-13.085217,-7.326486,-16.378029,-17.163866,-23.994175,-37.142725,-10.664307,-15.921456,-0.058001,2.152571,-9.321935,3.725183,-7.581979,-22.826491,16.823893,-8.274269,-2.377685,-6.925588,9.447552,13.313902,-9.249614,-8.051366,1.352165,-8.529133,-4.44252,-6.627349,-7.522103,-14.80654,-3.324688,-19.140001,-13.397819,11.279098,4.473947,14.041359,10.580251,1.746026,1.599715,5.327883,-6.902778,5.008874,-0.740824,4.173134,12.696024,-2.095395,1.000866,-0.280561,-10.526272,-7.204686,-27.658316,-12.810791,-12.58927,-19.885852,-5.951571,-8.827146,-0.755566,-3.668667,-2.649277,-16.848158,8.042488,11.403323,1.842389,10.65874,-1.658607,-0.018288,-4.268796,-7.07608,0.018016,-7.531205,-30.759869,-23.110851,-15.410803,-14.459973,-13.937587,-10.783037,-3.977651,-5.770031,-4.390303,-2.252155,0.934263,5.518109,-1.792873,3.685588,-34.756657,-12.252834,15.825787,-1.351081,-7.728331,-3.83434,-0.958027,9.506352
4.379791,15.418634,-19.307637,-12.525472,-15.026244,-14.224343,-13.998839,-20.305239,-0.754735,-18.998177,12.478327,1.218241,12.799959,7.394218,-3.542914,-1.085261,14.940752,-3.117583,-3.332131,9.288799,-12.601081,-16.434063,-22.651588,0.127208,-25.479791,-29.455939,-10.58367,-6.859005,-9.170091,-12.800288,-23.166208,-36.159225,-4.469256,-7.993098,-6.061228,-4.449559,-4.761807,4.524898,-7.176596,-21.995714,-8.087781,-12.666136,0.878936,-2.249093,14.244536,12.257338,-4.212175,-4.977007,27.272721,1.649832,1.116117,9.500854,2.624802,-4.541145,-4.218799,-14.205824,-3.786836,18.310768,28.25163,35.724117,31.71434,30.048282,5.731193,12.946784,5.00104,17.041292,3.555015,6.234202,11.894749,13.723082,2.948677,4.432092,-6.774457,-5.71371,-28.508501,0.227211,-4.89921,-11.813121,3.28116,1.637968,0.607616,3.831307,-5.484671,-19.23494,9.635418,9.916632,2.386538,8.160999,1.080107,5.246891,-3.843678,-10.53536,0.799786,-5.915557,-32.002117,-17.808687,-11.455978,-10.468553,-4.657183,-7.595905,-1.68851,-4.985004,-2.547001,-0.857838,0.769696,-11.648058,0.017348,1.823426,-9.398076,-6.892416,4.520829,-0.886875,6.891102,2.97823,-0.590165,-53.030202
15.199647,23.491605,-10.019911,-5.132207,-7.598679,-7.3994,-5.585777,-3.747068,10.843521,-4.508197,21.305471,11.744715,23.915141,18.901445,7.794796,8.715369,23.713145,0.32926,-1.374811,10.179975,-7.103913,-15.246962,-21.652638,1.633722,-17.845117,-33.70363,-6.593849,-5.860608,-2.366824,-8.74939,-22.483334,-37.451136,2.065694,-1.702021,-10.107087,-10.991919,2.337622,4.196173,-3.442968,-15.723758,-28.945032,-16.453728,4.60364,6.824566,7.980018,6.157065,-1.268789,1.360053,42.428691,8.180503,6.397792,19.808821,16.247976,7.457194,-0.365133,-7.162289,7.985182,21.594898,49.403187,53.69898,47.913316,54.646443,10.890227,22.027252,12.068116,23.769301,7.926735,7.49183,14.118223,30.775279,3.855835,8.204235,-4.982806,-3.840322,-25.682483,11.953003,3.212722,0.065035,9.417853,9.443496,3.23992,9.339391,-6.305217,-15.736247,9.78871,7.719446,2.302561,4.403531,4.520583,10.830381,2.116174,-6.595131,5.589909,0.888855,-21.748918,-4.022804,-3.833475,2.115828,7.645477,1.182542,2.902434,-1.295641,1.434509,2.338797,2.788637,-24.926953,8.670672,6.272582,22.684994,2.702046,-1.670926,2.638355,27.126635,13.938026,7.038073,-96.534217
22.453847,24.152433,-2.247472,1.175743,-1.139904,-3.642007,1.773199,8.611921,17.315372,1.613611,25.268755,16.466181,28.030103,25.185631,14.511198,15.382027,23.034041,-0.704606,-3.636508,5.98704,-3.890529,-12.114136,-19.15758,2.803768,-12.947751,-43.518352,-3.803467,-5.392896,-0.374171,-7.648259,-22.071971,-39.692291,4.612662,-1.610422,-11.077093,-16.849373,8.894753,2.89525,1.666489,-6.871377,-33.058528,-18.189753,5.727093,12.542891,-6.670112,-4.637079,-2.346394,5.457412,39.953413,6.080064,8.221816,19.035205,27.119507,14.180892,6.128349,-1.517305,14.941076,16.106621,58.611937,56.729673,51.224754,64.178735,12.247284,25.492506,11.458857,22.72041,9.405748,4.814089,15.943703,35.134886,2.290569,7.072783,-6.847531,-3.705863,-19.590323,15.711575,6.80612,8.250294,10.505101,12.392482,5.061428,10.76504,-4.549264,-7.99069,8.719097,6.532366,1.982394,1.915225,7.198631,14.372009,9.760927,2.045407,11.783076,8.176559,-2.839225,12.578491,1.572346,17.981747,14.882655,10.570518,7.677656,2.856496,5.366575,5.407208,5.60646,-28.562286,19.169013,15.300752,50.413536,8.540191,-4.31511,6.361447,43.255184,23.282606,17.5087,-104.541083
22.205195,16.23643,0.381692,3.198323,0.627128,-6.094328,4.940204,11.679547,15.659608,-2.974293,22.718698,14.698104,23.862639,24.617264,13.17634,15.536639,12.281334,-6.110903,-8.26657,-3.193615,-4.661382,-10.547265,-16.846841,1.839836,-15.959157,-55.673043,-3.994162,-6.510846,-4.339785,-9.901714,-21.467896,-39.821063,2.129035,-6.867878,-9.269329,-20.321953,11.456349,0.31914,4.193689,0.148729,-17.411791,-17.815333,3.605531,9.960765,-20.199544,-15.892625,-5.361877,4.253594,24.648653,-2.690811,6.109158,9.944253,30.692718,12.476408,11.135969,1.014848,12.279541,0.781044,52.870429,42.879963,40.239249,55.255033,7.755017,19.342914,4.980269,16.045397,7.545494,-1.766961,14.408641,20.336227,-2.065199,-0.327837,-11.580604,-6.182834,-11.913629,8.771237,3.026788,6.874986,7.933774,9.772914,4.013338,7.550381,-0.675844,0.509266,7.054835,6.902074,1.698612,1.911157,7.752747,14.288959,14.262041,10.306192,15.655639,10.904419,14.233497,23.600063,0.996443,28.397551,12.464626,14.581606,10.04108,4.566347,6.593127,5.987399,6.309245,-23.543175,24.14958,23.218295,60.931926,4.104334,-6.567606,6.897468,45.86675,25.162813,23.722884,-80.4785
14.94667,4.416505,-2.176988,1.244375,-2.718659,-13.562376,3.637941,7.489418,6.995079,-13.23475,14.663671,9.510624,14.303431,19.242398,4.691498,9.668982,-3.246113,-12.293682,-11.47934,-12.79789,-7.807127,-11.374382,-15.621513,-1.317967,-25.956619,-64.185161,-6.634719,-9.308993,-11.018715,-12.99837,-19.811667,-35.150994,-2.321923,-11.253792,-6.189514,-19.188672,8.623357,-3.27689,1.377602,2.484712,9.555492,-15.496049,1.018464,1.325293,-21.804159,-20.835265,-5.517618,-0.560651,9.761012,-10.074777,2.553445,1.189432,26.82045,5.037006,11.429542,1.539922,1.041642,-19.263246,37.074903,21.178839,21.376595,34.628349,-0.020887,5.933534,-2.450924,9.162711,4.786476,-8.096095,9.614022,-6.507551,-7.807826,-11.354829,-16.084558,-10.061266,-5.595996,-5.992728,-6.624539,-3.561206,5.414224,2.784367,-0.155223,1.254572,3.858783,6.807843,5.389346,8.072021,1.393497,3.489211,5.762919,10.685692,13.090593,13.973904,14.802594,7.076939,18.109188,23.51826,-4.372534,26.73642,3.004918,10.561628,8.687953,2.502794,3.886408,2.999225,2.783148,-16.4295,19.233663,24.118891,46.838339,-9.668678,-9.822531,3.356403,31.904254,17.635133,19.858198,-43.931949
5.305316,-3.617798,-6.451378,-1.321346,-7.929735,-21.129069,0.356034,3.370927,-4.040122,-20.370663,4.089091,5.447738,4.663383,13.453548,-6.642938,1.800417,-15.369768,-14.271628,-10.236829,-16.395177,-9.492582,-11.561348,-15.457417,-5.206781,-36.597066,-64.019449,-9.25207,-12.658228,-15.049801,-13.110736,-16.421574,-25.369433,-3.899679,-7.648517,-3.741338,-12.139213,2.153489,-6.632747,-5.919933,0.88878,32.661223,-10.991659,2.092504,-5.424382,-6.625738,-14.19302,0.814712,-4.062211,7.700929,-7.605629,0.949249,0.979398,19.322416,-1.896888,6.82617,2.722814,-12.09112,-34.399162,20.359332,5.527452,5.005285,14.792779,-5.695584,-7.135221,-6.25213,7.136959,4.49821,-8.27905,4.68543,-28.039048,-12.40135,-20.723765,-16.975181,-12.845717,-3.824205,-21.7948,-16.935977,-15.939037,6.07547,-5.788302,-5.46005,-4.947857,7.025092,9.977018,3.820978,8.570043,0.682038,4.257124,2.042791,5.176465,7.558663,11.938625,9.690153,-0.984886,4.467907,13.718922,-9.407538,13.07502,-5.324809,1.179044,4.558604,-2.102594,-1.488921,-2.384156,-4.205872,-14.520244,6.622622,15.801138,12.620116,-23.631962,-12.668434,-1.669744,7.121578,4.150636,5.144696,-17.423705
-1.220639,-2.456945,-8.113323,-0.868746,-10.402294,-23.444703,-1.666252,6.163874,-12.040794,-18.002399,-5.802871,5.226138,-0.641957,10.91989,-15.846424,-3.33346,-18.167461,-9.198064,-4.581422,-10.202249,-6.67374,-6.718161,-15.88795,-8.241215,-40.687911,-54.621131,-9.372636,-14.984894,-13.013636,-7.964686,-11.419127,-13.206366,0.221579,6.097082,-3.268429,-0.2569,-4.111837,-8.199272,-13.580129,-0.912241,38.424202,-4.2426,8.621784,-3.044012,20.148773,3.433176,12.581438,-2.171477,21.193382,7.001375,2.750999,11.09396,12.841472,-3.334696,0.114082,6.299835,-18.96346,-35.573513,9.765901,5.068146,-1.253114,5.811642,-5.146036,-11.879692,-5.139339,11.023324,8.180356,0.834472,3.126859,-27.933834,-13.667872,-23.795912,-13.049083,-12.568551,-8.229275,-31.864882,-22.18802,-21.207155,9.889829,-12.538246,-8.926375,-7.700936,7.013072,10.807587,1.850277,7.042341,-0.886039,1.99548,-1.831037,-0.233714,1.669993,6.188755,3.30025,-8.285094,-20.424118,2.019389,-9.122842,-5.359205,-4.620641,-7.331843,0.28053,-6.208603,-6.353538,-7.245033,-10.875088,-20.71208,-5.925727,1.049881,-24.832941,-25.94213,-12.807021,-3.932549,-16.80625,-8.500469,-14.936686,-12.421422
-2.153503,6.962036,-5.263044,3.450872,-7.509206,-18.44136,-0.869197,16.661758,-13.940265,-6.578382,-13.200401,7.751046,-0.784927,11.90415,-19.885033,-3.596644,-11.618677,1.319021,2.089544,3.749788,0.227077,4.612218,-16.593032,-10.15575,-35.356564,-40.793522,-6.526611,-15.525715,-6.152121,1.151915,-5.937363,-3.275693,8.426483,24.310603,-4.929163,12.619472,-6.751966,-7.45689,-17.166182,0.873753,22.510323,3.534133,17.786709,8.736482,45.472004,24.213681,23.840873,4.920511,41.177792,27.219036,6.102603,25.508277,9.45708,0.811929,-5.023209,11.393073,-15.28065,-19.839801,5.745217,17.800668,2.491626,8.867958,1.250357,-5.241244,-1.668458,16.658652,13.94574,16.215133,5.658273,-2.611641,-11.169805,-19.496041,-6.324989,-9.21851,-17.384741,-33.088704,-19.727065,-14.74614,13.518293,-14.666522,-8.552612,-5.111366,3.128331,10.328191,-1.229226,2.881507,-3.423669,-3.746118,-4.445008,-4.36902,-0.764683,-0.013371,-0.837626,-10.471647,-42.976366,-2.301596,-2.675685,-18.407807,7.029146,-9.377051,-1.529394,-6.935875,-7.524632,-8.650004,-12.621272,-31.461945,-10.315324,-14.527536,-43.834111,-10.27411,-9.961073,-0.72124,-28.810335,-14.408573,-31.130414,-23.37093
0.293791,17.52831,0.141413,8.719248,-0.521814,-8.833041,1.565437,28.395647,-10.458447,7.032784,-18.101922,8.935235,1.240202,13.005057,-18.690093,-0.870747,-1.20956,11.990611,5.087923,18.252428,7.157657,18.524297,-17.577473,-12.283262,-24.087852,-30.024987,-2.689127,-15.00149,0.422733,9.856316,-1.676566,0.302824,15.457213,36.157037,-7.68056,21.303183,-4.9453,-5.639059,-15.161967,7.046647,-7.912686,9.568648,23.368606,22.080547,55.919527,36.48639,27.389862,12.579441,52.977782,41.218414,7.091578,34.513878,7.628016,5.914795,-6.473952,14.994788,-3.410874,7.208064,2.624084,31.922982,8.669119,15.921114,8.722705,8.803351,-0.188027,16.948044,17.449726,29.099773,9.046704,34.922284,-6.50248,-10.829424,-0.782045,-4.713989,-26.890611,-27.202984,-11.494384,0.164376,12.845312,-11.054641,-4.576097,2.255605,-3.67919,8.608624,-5.700699,-3.56104,-6.421429,-11.203856,-5.319077,-7.333646,1.330046,-4.247891,-0.868772,-6.527718,-50.221496,5.184671,5.773258,-19.228113,24.068639,-3.689755,0.060496,-3.413104,-3.828918,-5.489791,-7.210456,-39.000509,-3.938407,-26.308499,-30.290167,18.97535,-6.966084,7.021649,-24.568509,-12.125237,-35.454155,-32.914662
1.014207,20.457642,3.791026,10.135896,6.272673,-0.313863,2.746144,31.774404,-5.075285,14.367533,-21.460715,4.823431,1.006376,9.702057,-14.353378,0.460977,6.120223,17.3298,1.459206,25.139225,9.134786,27.597627,-18.856893,-16.382219,-14.186883,-27.799852,-0.740249,-15.052524,1.521741,13.427402,-0.030015,-3.894485,15.936203,32.372175,-9.841872,21.910659,-0.853321,-5.093023,-9.993808,14.498999,-38.156463,10.72324,19.856516,26.152521,45.776973,31.362666,19.759373,14.850961,46.33466,39.317809,2.751287,31.287753,4.145304,6.366191,-4.82424,14.237747,9.267605,33.853721,-6.428707,33.894532,7.734954,15.677801,11.50633,21.746439,-3.803811,6.438414,14.631688,29.63421,7.947716,62.21111,-2.276775,-2.713185,0.359571,-1.499143,-31.496647,-19.087177,-2.585103,14.286059,6.330934,-2.823081,0.762779,11.535479,-11.072494,4.849943,-11.034193,-11.144519,-8.830998,-17.430321,-5.038309,-9.964047,5.766998,-5.960138,2.350016,0.879041,-37.408705,20.643653,9.98543,-8.515159,37.180464,5.968193,3.759703,2.708232,3.093617,0.77136,3.260375,-36.099067,8.106754,-33.152581,12.679883,48.292618,-7.855146,15.183238,-8.588544,-5.307819,-25.957655,-24.182532
-4.021608,11.151118,2.322091,4.463078,8.597366,2.274968,0.367482,20.747641,-1.419446,11.123194,-23.900363,-5.167173,-3.994054,0.004895,-9.468911,-3.116287,6.686183,15.369661,-8.087235,20.291161,3.968894,26.091051,-20.036808,-22.912712,-11.54897,-33.973606,-2.120454,-16.789011,-4.15799,9.95342,-1.322128,-13.868326,8.120994,11.592332,-9.946773,14.205086,1.947796,-7.637192,-6.059593,18.181191,-54.038528,5.445006,6.486627,14.746733,20.440527,8.425546,3.900819,8.4577,22.208392,20.302903,-6.462766,16.2468,-2.611144,-0.097995,-2.535089,8.639097,15.253542,48.254867,-23.617903,17.558188,-4.84725,1.766372,6.983162,25.913033,-12.448868,-14.632849,4.358508,13.012049,-1.460632,61.002187,-0.493946,1.255279,-3.138824,-0.869691,-28.241242,-13.499382,2.043635,18.418559,-3.421073,6.884726,4.639752,18.796762,-16.392457,-1.461349,-16.066992,-18.339394,-9.565797,-20.12451,-4.714169,-12.830118,8.733799,-6.078033,5.949436,7.377382,-10.71556,33.919943,6.140778,6.034503,39.321413,13.373166,6.948529,8.325611,9.698789,6.918115,13.162792,-20.280561,16.154154,-36.834704,64.796949,62.639038,-14.416309,19.075174,8.78343,-0.137261,-8.236787,7.996503
-14.49829,-7.547248,-4.084827,-7.427423,5.167786,-1.886604,-5.449347,-2.637918,-0.944972,-0.135244,-25.05409,-17.228285,-12.366933,-13.42581,-5.847578,-11.430811,2.07525,8.892817,-19.604671,6.067309,-5.709821,14.690699,-20.265978,-30.165637,-16.533938,-42.729531,-5.552103,-19.607551,-12.874752,1.666529,-4.622455,-25.289217,-4.756183,-18.078282,-7.474642,2.021827,0.823456,-13.139643,-6.318531,14.577263,-49.389883,-4.978472,-11.834554,-9.188505,-7.094494,-23.396721,-12.523567,-5.227254,-8.257668,-7.685292,-16.651371,-3.665178,-10.817987,-10.770977,-1.996786,0.546595,11.621023,44.513678,-44.097565,-11.8785,-24.974688,-22.445843,-2.509594,19.063837,-23.138629,-39.468587,-10.782488,-16.903891,-18.572534,28.459642,-1.410859,0.81562,-8.388054,-2.246164,-18.531794,-12.343024,0.477805,9.302935,-11.16477,13.996906,5.192127,20.775802,-18.008642,-9.465412,-19.647463,-23.699269,-8.169812,-19.027542,-5.187504,-15.623489,7.281328,-5.953982,6.864772,9.638287,16.198851,34.78061,-4.424646,14.612696,29.744998,13.760044,7.321719,10.744765,12.547955,9.836038,16.580026,4.846838,12.391891,-39.223632,99.436067,54.170661,-24.161381,16.191285,17.357227,-1.304922,7.453946,53.625776
-25.556966,-26.876269,-11.724267,-20.713934,-1.453449,-9.248922,-12.084725,-28.907846,-2.381141,-11.953274,-23.954857,-25.173129,-19.572054,-24.357347,-4.16843,-20.352211,-2.742648,3.282571,-28.297182,-10.361748,-13.725982,0.985329,-18.695551,-35.041169,-23.865477,-46.231452,-7.897705,-21.315067,-18.331133,-6.42104,-8.188926,-33.5986,-16.456699,-43.399913,-3.113732,-8.74308,-4.343945,-19.420014,-10.076935,4.225228,-28.80098,-16.850942,-27.468229,-35.339065,-24.252754,-50.637273,-22.088415,-21.384178,-31.469618,-32.18316,-22.986619,-19.849514,-16.29611,-20.107566,-3.956374,-6.522997,1.40903,25.341091,-58.597052,-41.391084,-42.192697,-45.582772,-11.456125,5.309203,-31.866155,-57.793144,-25.912711,-49.043785,-38.164775,-21.300763,-3.593049,-1.406602,-11.322202,-3.784743,-7.44477,-13.918583,-5.375356,-8.481049,-12.516402,15.270651,2.259318,16.358804,-16.137742,-16.905529,-21.256102,-26.264713,-5.220424,-15.935585,-6.512737,-17.373443,0.968052,-6.586075,3.533357,7.021405,29.454116,19.519134,-16.154809,11.33177,13.472289,6.498811,4.17719,9.102534,10.150472,8.222212,10.949722,31.362882,-3.875337,-39.854616,99.009723,26.570458,-31.630145,7.317251,12.476888,-9.15755,11.972775,93.062071
-30.817466,-37.40032,-15.920214,-29.374496,-6.624096,-14.457548,-16.092568,-46.53799,-3.07311,-16.955168,-20.004958,-24.177219,-20.878127,-26.705137,-4.265085,-24.253392,-3.492417,2.623082,-31.172429,-21.456892,-14.203906,-5.165921,-15.094322,-35.003595,-26.500853,-39.517404,-6.537085,-19.606654,-15.924705,-9.552388,-10.191526,-35.776473,-21.572813,-53.385652,1.570756,-13.516069,-11.236868,-23.569439,-13.62163,-8.475679,-4.184149,-25.886949,-34.685013,-52.572764,-26.066272,-62.803951,-22.215732,-34.840749,-39.995887,-43.79317,-22.916337,-27.324893,-15.694407,-23.744766,-7.321002,-10.281716,-8.936858,0.021213,-59.204869,-58.362797,-46.382277,-55.274574,-15.074157,-7.964829,-35.615978,-61.221228,-36.383366,-70.953633,-53.019452,-65.952505,-4.99376,-2.223031,-9.258621,-3.683123,-0.31276,-14.250691,-11.29809,-25.597811,-6.867619,10.041533,-2.877119,7.176105,-12.554977,-21.206149,-21.11798,-25.77728,-2.130083,-13.329452,-8.012754,-17.213996,-8.205672,-8.480651,-3.486911,1.288406,21.896463,-6.326478,-23.028627,-2.419899,-2.796272,-4.938411,-1.387254,4.55993,3.580582,3.145568,-1.293421,50.411528,-25.734165,-36.145099,65.164342,-7.469819,-32.248756,-4.380879,-3.070553,-19.676768,2.563924,107.387134
-26.506387,-34.487189,-14.153463,-29.646003,-6.664706,-13.900783,-15.354965,-48.415388,-1.047838,-12.252485,-13.629551,-13.762013,-14.486678,-18.437964,-5.424952,-19.52776,0.329154,6.935757,-28.232229,-23.448695,-5.414446,1.630328,-10.085921,-29.798135,-20.569146,-23.323786,-1.409964,-13.829069,-5.666143,-5.846503,-9.289118,-30.89094,-18.591833,-45.004692,4.89813,-11.743397,-16.55303,-23.713589,-13.120221,-17.97102,12.558406,-29.129765,-32.638638,-55.337193,-16.990748,-57.790972,-16.158647,-42.593438,-36.027417,-40.983888,-17.693383,-26.74615,-9.226645,-21.213773,-10.197279,-10.897479,-13.957387,-20.787836,-44.334773,-57.745958,-34.325395,-45.767414,-12.418461,-14.828669,-33.267542,-47.811464,-39.730147,-75.387999,-57.629584,-87.828567,-4.237058,-0.222502,-2.276779,-1.144804,1.243055,-9.46739,-13.296583,-33.615377,2.376671,0.98289,-8.2874,-2.998906,-9.32673,-20.789094,-19.728014,-22.630569,-0.380121,-12.580628,-8.778028,-15.001815,-17.164816,-11.790182,-12.087095,-4.992506,-3.663397,-30.905152,-22.304145,-19.215567,-14.883373,-15.263703,-7.290251,-0.636756,-4.331268,-2.762139,-14.171168,55.363467,-43.136469,-26.171635,17.069062,-33.591706,-25.773259,-15.215012,-21.178666,-27.085977,-15.548331,87.468816
-13.872959,-20.580844,-7.472781,-21.950561,-1.070422,-7.782874,-10.220731,-35.301894,3.665044,-0.556262,-6.079941,1.897095,-2.747339,-3.025002,-6.453607,-6.859589,5.543287,12.486881,-21.657639,-17.604985,8.960126,18.232581,-4.761159,-21.649447,-7.836025,-3.053327,4.90365,-5.640207,8.155578,3.070891,-4.894884,-19.585137,-10.267757,-23.875365,5.868594,-7.17824,-17.765379,-19.962718,-7.498285,-20.827564,16.142437,-25.794964,-24.713328,-45.54209,-6.679058,-41.887422,-9.844784,-44.181494,-27.844291,-29.499047,-11.155863,-22.289141,-0.760188,-15.409255,-11.176027,-10.173429,-12.266555,-30.237001,-19.681028,-43.727108,-11.786464,-21.287502,-6.52998,-14.039359,-25.28503,-23.160928,-36.100044,-63.619588,-50.742808,-82.594886,-1.276481,3.513564,7.308503,3.544129,0.885738,2.071259,-9.55532,-29.42577,10.207055,-6.883893,-12.150941,-9.909444,-7.393325,-15.680541,-17.209014,-17.594521,-0.628221,-12.992355,-8.211543,-11.288789,-23.285212,-16.199184,-19.73693,-9.959444,-36.034249,-42.791083,-15.673048,-30.31879,-22.428757,-20.179857,-11.588531,-4.447294,-10.561794,-6.854697,-21.740962,43.80292,-49.062827,-11.581029,-21.079656,-43.107177,-16.515109,-22.377767,-32.918577,-27.305341,-32.211648,37.463945
1.637706,-3.146173,0.688572,-10.236202,7.443458,0.485595,-2.982908,-14.517179,9.17891,12.14472,1.361369,16.401257,9.247496,12.548666,-5.815048,9.095703,8.118256,14.721661,-13.894537,-8.30204,21.946048,34.611021,0.053989,-13.782632,5.890905,15.10637,9.15512,2.036034,19.955796,13.445978,2.720158,-3.412395,-1.377775,-0.139214,4.568844,-5.522364,-14.1968,-13.985393,0.874393,-17.363604,9.751042,-16.888764,-15.163301,-29.342293,-3.124216,-24.825778,-7.181018,-40.346969,-22.685329,-17.480635,-6.773233,-17.669145,4.849285,-9.607894,-9.913012,-9.527586,-6.48616,-27.71101,5.15149,-25.651116,10.125774,6.67225,-1.838483,-8.963881,-13.009872,2.551737,-27.4045,-43.639811,-35.485913,-58.967836,2.833436,6.572604,16.613601,9.520706,5.157911,18.759791,-0.952203,-15.941552,13.048316,-8.802966,-13.266774,-10.916696,-5.996832,-7.176226,-13.095477,-11.475262,-2.277861,-12.351469,-6.266328,-6.769593,-25.169428,-20.529619,-24.412111,-12.887244,-60.856984,-37.338724,-7.371189,-30.719973,-26.96758,-18.083649,-13.174942,-5.860039,-13.227282,-7.773222,-21.44462,18.302694,-43.102151,2.15931,-34.956026,-36.107325,-10.018872,-24.329553,-32.838599,-20.150868,-38.164364,-27.710458
13.725085,9.991517,7.178156,0.550921,14.804942,6.817417,3.727242,4.73546,12.985409,20.20767,8.016627,24.577322,16.643208,21.843451,-2.252319,22.218553,6.254773,11.45749,-6.179736,0.237515,27.325501,40.243644,4.277742,-8.354208,14.993489,27.930644,9.903722,7.034408,26.043683,21.484879,12.295536,15.224957,4.319632,17.299518,1.975158,-10.855638,-7.070777,-7.707544,8.070258,-10.735493,1.297129,-4.396738,-5.980263,-12.093102,-7.99454,-13.567205,-7.46647,-31.744194,-21.711271,-10.152381,-5.239115,-13.647553,5.117658,-4.749014,-6.817871,-8.601046,-0.636131,-17.729688,21.865087,-11.76824,21.730666,26.039693,-1.028092,-4.759803,1.645629,19.812958,-16.18002,-24.75492,-17.423975,-31.074731,6.679867,7.100197,23.542814,15.71628,18.335929,36.083306,9.678285,0.614355,10.151074,-3.252916,-11.43175,-6.569288,-3.393112,2.87565,-6.80897,-4.913721,-3.835163,-8.601909,-3.307362,-1.789522,-22.586995,-22.628142,-24.976855,-13.611605,-66.952408,-18.856787,-1.033354,-21.431465,-29.127762,-10.147588,-11.819401,-4.931953,-12.052487,-5.816562,-15.11691,-13.871579,-30.294988,8.931469,-27.516884,-19.352057,-8.711604,-20.666589,-21.085835,-9.137209,-30.088277,-88.524565
18.767211,14.777679,11.142923,7.079848,17.910259,8.942544,8.3926,16.139426,13.302982,20.795816,13.744126,24.751313,17.410615,22.416093,4.233012,27.940513,1.308293,3.978093,1.527914,6.120048,23.007633,30.921123,8.385735,-5.292039,17.691982,36.111646,8.531809,9.410185,25.810129,24.727589,21.507814,32.688294,5.842929,24.521901,-0.698896,-23.02993,1.165701,-2.211232,11.457611,-4.438222,-2.977058,9.135511,3.51502,4.35227,-16.912459,-8.988042,-6.758776,-19.025299,-20.564057,-7.629548,-4.375448,-8.731428,1.418645,0.738094,-2.422418,-5.738591,2.720209,-6.63177,27.245474,-5.158445,20.222362,30.505574,-3.702488,-5.020352,16.09239,24.318232,-4.908541,-12.232233,-1.969478,-9.532207,9.155984,4.920566,26.99283,20.752661,38.093323,48.114436,18.808739,14.411184,2.672624,6.600099,-7.724121,-0.685211,1.640182,12.480111,1.503231,1.581668,-3.851231,-1.451527,0.190876,3.60244,-16.121131,-20.105091,-21.191113,-11.832721,-51.16382,2.437847,2.269846,-8.037583,-27.693058,0.668486,-7.857909,-2.319396,-8.002339,-2.365606,-7.206603,-42.370055,-16.637061,6.43402,-14.406027,-1.309509,-9.97657,-12.215042,-2.757716,0.752974,-11.955467,-127.550872
17.342721,12.194629,13.960128,8.820166,15.952774,7.272402,10.993104,18.436764,9.781264,14.207361,18.337947,18.702575,13.031784,16.533127,11.802792,25.059724,-3.878154,-4.491909,9.481907,9.72511,11.785468,11.350689,12.702549,-2.812937,16.573828,42.097909,7.990531,11.178083,20.63648,22.2548,27.329597,44.239572,4.611005,22.720347,-2.676994,-37.557907,7.766351,2.423315,11.288537,-0.176762,-2.896859,20.633019,14.336383,20.37134,-23.648849,-7.154526,-1.850327,-3.954598,-14.343104,-6.648789,-1.259497,-1.91089,-2.440306,8.617683,2.874979,0.076815,3.520134,0.758163,23.641302,-3.836325,10.532977,21.926369,-7.49378,-10.005704,27.23543,18.389766,4.231849,-5.264089,7.502892,2.960216,9.730662,1.240033,26.311038,22.771365,55.471323,49.763402,23.44306,22.265335,-8.162688,14.256115,-4.390471,1.431478,8.61498,19.49006,10.477893,7.471076,-1.820825,7.240754,3.836124,9.135772,-7.01467,-11.792239,-13.6721,-7.103438,-19.740046,16.495565,3.653934,3.083477,-21.273807,10.839216,-1.979147,1.199654,-2.562752,1.099045,-1.635941,-56.967889,-4.922936,-1.559308,-11.249375,12.078685,-8.305507,-1.391901,14.819989,5.877456,7.859948,-134.697075
13.100229,6.50217,17.39621,7.487018,10.270222,3.981477,12.339286,14.480751,3.465051,2.896071,21.124129,9.838193,7.153662,8.991885,17.402914,15.67447,-7.475871,-11.345272,17.099015,12.167572,-0.610966,-8.053158,16.793687,0.902385,15.976289,47.000955,10.295214,14.506255,12.137571,14.34813,27.108265,45.553393,2.723262,15.792127,-3.872522,-47.965595,10.57975,6.471487,9.943136,2.464875,-3.619294,26.899728,25.151722,35.326167,-24.613542,-3.465311,6.528957,10.070222,-2.454992,-4.081534,5.225395,5.375699,-3.275653,18.326917,8.524787,7.592613,3.137325,2.845939,16.624619,-3.758101,1.563456,8.007808,-10.252845,-17.127552,32.482903,8.771785,9.711691,0.949062,10.317777,9.893282,8.43769,-2.488313,21.112454,19.924056,59.934814,39.13265,22.135335,23.686938,-21.74273,13.677895,-3.93781,-3.995337,15.404267,21.760788,17.932142,12.121918,1.589445,14.597464,7.292596,13.920097,2.829851,1.039966,-3.896646,0.486707,14.443764,18.723957,4.546659,8.262673,-10.764723,17.311794,4.739775,4.920561,2.839794,3.734024,0.495559,-51.788512,6.010959,-7.274006,-22.194219,18.732895,0.002497,7.949413,25.503138,5.731286,21.616141,-110.035708
10.106268,2.176103,21.693201,5.56301,3.283168,1.424249,13.134137,8.637117,-3.621736,-9.45459,21.332177,1.176887,3.335115,3.816392,18.580467,3.752138,-9.706409,-15.941299,22.939284,13.980653,-8.614653,-17.769283,19.560144,6.237999,18.542048,49.417215,14.817932,19.805193,1.598207,2.435366,20.105437,35.308332,1.470146,7.786772,-4.572931,-49.141676,8.839303,9.906036,9.681946,4.670215,-10.440438,25.985157,31.984837,45.944129,-20.401837,3.822881,13.959336,19.322448,10.691028,0.780763,13.450231,9.993334,-0.719727,26.730399,13.475143,13.569655,2.629666,1.056804,11.790933,-1.828062,0.609832,-2.684918,-11.303333,-22.796286,31.261929,2.378738,11.342535,10.915392,8.213109,15.983995,5.860489,-5.398698,12.042603,11.70937,46.604838,19.025363,15.735089,19.74298,-36.804672,3.409257,-7.513341,-16.526292,19.612162,18.027951,22.036012,15.015977,5.143191,18.60117,10.161003,16.706393,11.141007,14.806085,5.980556,9.663032,37.875286,11.543949,5.220313,7.800142,0.067814,18.397924,10.794114,8.195696,7.109019,5.478538,0.942498,-28.64963,18.48502,-4.233695,-37.712793,19.245448,13.224566,11.917442,26.965817,2.878087,26.165123,-63.718799
10.549773,1.6491,25.216199,5.005663,-2.555302,1.152152,13.56142,4.490776,-8.974753,-18.370719,19.053847,-5.52506,3.331105,2.131217,15.408582,-6.598406,-11.59655,-18.774319,25.753768,15.104488,-9.159785,-14.586534,20.091214,11.991189,23.671063,47.290653,18.803147,25.306988,-9.050413,-10.592413,8.61017,17.244261,1.101423,1.80656,-4.829951,-39.780122,3.704332,12.406359,10.881961,6.764129,-23.199023,18.983887,30.952268,48.21835,-13.900676,13.139049,15.850965,22.319131,19.42762,6.603508,20.370267,9.961133,3.116447,30.598376,16.35642,15.021319,2.021048,-1.549356,12.493155,3.053537,9.50368,-5.237014,-10.877744,-24.182738,25.886077,2.575745,10.837646,25.43793,4.577676,23.389891,3.17005,-7.10408,1.817872,0.329379,20.746207,-3.391871,7.523875,12.235392,-49.600315,-11.694531,-13.449136,-30.862055,20.289275,9.271887,22.502992,16.14701,8.011632,19.408573,11.974452,16.753096,16.114681,25.335494,13.720179,18.112574,43.012303,1.832576,4.978024,4.766667,6.882123,14.517071,14.54708,10.445449,9.564751,6.697532,2.354686,2.811769,32.301609,7.952197,-42.709385,15.16265,24.643167,8.868098,21.469858,1.232629,23.620031,-12.583068
14.062297,4.881258,25.90504,6.710456,-5.325242,3.896305,13.574636,3.861834,-10.225329,-19.308131,15.890512,-9.363349,6.70082,2.407462,11.000781,-12.356314,-12.817817,-19.542035,25.670454,15.801486,-2.269781,-2.424982,18.666649,16.552561,28.854363,41.197544,19.727721,28.583251,-16.185686,-20.474099,-2.382951,-0.230105,1.621319,0.148763,-4.07192,-22.724911,-1.809971,13.986426,12.181239,7.790079,-34.775792,10.731703,21.92198,41.278395,-7.20556,21.89891,11.358159,21.532813,21.547433,12.020775,23.935433,6.762528,6.000672,29.722024,16.292518,11.722847,1.120768,-1.840117,19.084102,10.626969,24.360535,-0.17965,-8.678508,-20.033357,20.733354,8.012131,11.3888,41.148283,3.394341,31.434434,1.96254,-7.024734,-4.886215,-9.293704,-4.06127,-19.178288,2.246013,3.726915,-53.885822,-22.617579,-17.224705,-39.022258,18.708882,-0.558098,20.909703,16.294594,10.367202,19.170474,12.396129,14.607513,17.420412,30.222866,17.872346,23.496693,32.152228,-3.650117,3.580774,2.661599,8.247315,8.381734,14.886872,11.300372,10.005723,7.676243,5.953068,29.25625,43.46702,22.948655,-28.531923,8.391996,27.00191,1.028627,14.390547,3.72773,18.826305,26.176317
18.603711,10.320585,23.239044,10.569389,-3.896262,9.88732,13.396988,6.867688,-6.007752,-9.477778,14.432836,-9.527935,11.54366,2.459328,9.86397,-12.155101,-10.920241,-16.237753,24.425512,17.19107,9.778893,11.402708,17.056241,19.361674,32.466175,35.926126,17.57872,28.846244,-15.230758,-22.884819,-7.252709,-7.540951,3.521785,4.37746,-1.321443,-3.305062,-3.853723,15.528179,12.253209,6.620631,-35.259943,8.084912,9.865563,29.56445,-0.19422,29.074555,4.436872,22.325421,19.850242,17.026787,24.562286,4.764141,7.755237,27.75335,13.742109,6.875377,0.814714,2.23736,29.209978,19.954468,38.34311,7.739629,-3.354815,-10.653409,19.83996,14.355538,15.93691,52.863227,7.849518,38.748302,3.636488,-4.115592,-3.502705,-11.569977,-13.562827,-21.659543,3.960647,-2.337331,-43.909131,-21.282293,-13.486431,-34.478557,17.542177,-5.620408,19.792741,16.843482,13.098859,20.461197,11.486757,12.03179,16.560399,30.163303,18.414934,24.623502,16.166394,-1.895069,2.33298,3.589157,7.248991,4.067158,11.847773,10.73929,8.742936,8.303432,10.552022,40.394124,46.532057,31.929423,0.041698,1.720826,17.908789,-6.15375,11.105982,10.616968,15.743192,42.27241
21.909522,16.089099,18.997935,15.681313,1.756753,18.725336,13.610979,12.276907,3.128341,9.725626,16.603125,-5.253154,15.60314,1.415269,14.893781,-6.405594,-3.096891,-6.496178,24.308276,20.522979,23.699293,21.345758,17.686766,21.395948,35.452108,38.306242,15.103202,28.091634,-3.479752,-15.740401,-2.734569,0.920826,7.578264,14.504256,4.040534,13.23274,0.427905,18.515426,11.520272,3.550468,-19.098883,16.09215,2.259721,20.772134,8.218429,35.640013,1.048488,29.268335,19.224013,22.398857,24.476032,7.812857,10.250477,29.577709,10.557363,5.120359,3.248732,11.011497,38.594119,29.104743,45.278883,12.561146,6.220375,2.352227,24.345807,17.542183,24.951107,56.844024,18.800037,44.958959,8.452957,2.439435,7.289537,-3.564858,-1.672826,-9.962366,13.563874,-2.480655,-18.900273,-5.591833,0.642493,-16.003444,18.931682,-1.093603,21.020043,19.083696,16.827213,24.384212,9.796014,10.923101,16.031807,28.219,16.6389,21.904399,8.35967,5.551422,3.565006,7.800796,9.422038,4.961259,6.679544,9.026162,6.469063,8.085979,13.510433,34.616367,38.775799,29.794246,27.772898,-0.928531,2.278584,-7.110259,13.794568,19.27022,15.235534,37.167189
22.483345,20.581944,16.101978,20.533437,10.192308,28.77634,14.68131,17.835099,14.406496,31.644142,21.956648,3.318251,17.100683,0.163706,25.011568,2.87325,10.729745,9.679931,26.54358,25.662003,36.087705,26.464327,22.067965,24.27414,40.36259,52.231684,15.666029,29.883561,16.884395,-1.070561,9.898801,23.054141,13.835966,27.889004,11.467915,23.838153,11.091749,23.95382,12.168752,0.839622,9.904457,34.258219,4.021781,20.565327,17.641966,42.615924,4.598143,42.347046,21.860722,27.872,25.511914,15.628443,15.155462,36.984221,8.964152,9.177742,10.319257,22.886629,42.26253,34.519696,42.118425,10.170368,18.853624,16.277264,31.609374,16.381596,35.308169,52.763522,33.785072,50.180523,14.902664,12.01178,23.61075,12.497726,25.272237,10.096627,27.521086,4.880534,14.337624,18.810446,22.94973,11.102868,22.815192,13.598996,24.483857,23.315668,20.986325,29.645659,8.132286,11.932099,17.626726,27.447248,14.245883,16.803988,16.735094,14.479046,8.737899,14.301154,18.224926,11.567969,1.198822,6.443987,3.915691,6.438791,12.75892,19.880325,22.893915,18.889369,39.45903,4.263992,-10.069387,0.112754,19.997736,25.543798,15.454211,23.484562
19.811301,22.520483,16.397861,23.347734,18.575929,36.938658,16.355279,20.854073,23.721292,46.491143,27.361094,14.178007,15.147801,0.134154,35.261181,12.60196,26.207033,28.191602,30.328778,30.261409,43.939312,29.386315,29.494998,28.71011,48.4881,74.418615,20.313419,36.395724,38.331116,15.200017,24.978633,49.323944,20.777298,39.336364,19.017291,28.434728,24.77388,31.241505,16.290155,1.486586,39.619363,55.640148,13.652279,28.030505,25.126836,48.68854,13.151265,56.099127,24.845372,31.095392,27.239444,23.099804,21.440326,46.14282,10.041713,17.580126,21.523973,34.647264,36.393066,31.690291,29.511043,0.131139,30.217313,27.699501,36.784835,12.928423,41.453776,43.363719,47.442377,53.192622,20.058921,21.93875,37.560681,29.54679,51.883922,28.67394,39.028755,17.679496,43.453605,41.349836,46.188984,37.330131,26.7442,33.49074,27.999111,28.316304,23.773726,33.228245,7.109313,13.848844,21.007781,28.591729,12.240063,10.813475,39.291672,20.905446,16.725966,21.626118,31.534826,20.67935,-3.184984,3.075858,1.478479,3.088636,8.357593,8.947434,5.934788,7.464962,30.267864,18.534195,-10.173271,12.166006,24.03157,26.00616,14.034473,18.562038
14.150777,21.001575,19.133855,22.784488,23.623688,39.6419,17.562279,19.34085,27.620548,46.478212,28.643038,23.522515,9.910639,1.605002,39.589742,19.645568,36.188365,42.02785,33.282137,30.762785,45.174704,32.814742,36.987201,33.604778,57.568595,94.496927,26.409485,45.858386,51.330654,26.010984,35.139722,67.410137,25.617388,43.200233,23.979813,29.246172,35.919382,37.937412,23.629136,6.973904,56.328601,69.965605,23.667891,35.678282,26.706431,49.852116,20.636661,62.785569,22.359599,28.769112,27.0123,23.482243,25.033119,49.337414,12.794478,25.292384,33.065006,42.378874,20.429212,17.801357,10.983942,-14.229999,34.667007,33.422829,35.898827,10.548937,38.517961,32.405002,53.617725,50.757349,21.019815,28.403758,41.438907,39.113488,62.771443,36.925745,41.414235,30.264861,56.786515,52.279045,61.266964,53.608804,27.410601,50.019643,28.513795,31.600185,23.170115,32.222604,6.762903,14.332821,23.689619,29.568882,10.420986,4.810916,65.394242,23.06339,23.837679,28.171523,42.180301,26.8477,-6.082954,-1.095024,-0.888676,-1.594108,2.508698,11.711213,-4.918759,3.910805,8.715557,38.53412,4.691772,22.276235,20.655041,19.83916,10.189768,35.156285
6.362717,15.862112,21.347212,18.775379,23.192909,34.925722,17.023924,13.265398,25.285706,31.036855,23.320979,27.261089,2.629388,3.03088,34.608453,22.009236,35.083324,45.072945,33.010553,24.857384,39.331835,36.641503,40.674071,36.572933,62.25904,100.233264,29.115721,52.576668,49.849988,27.03109,35.198446,68.778419,25.761505,36.586778,24.106112,29.190914,39.42903,40.772536,30.889347,15.679341,52.771417,69.226203,25.357149,34.446459,20.42944,41.840236,21.172679,57.599316,10.793362,19.343704,21.978014,13.381073,21.360668,40.189638,14.597833,26.909044,39.34162,42.873537,-1.734419,-5.138983,-8.452789,-27.371375,28.876272,31.833666,28.315219,11.115579,25.511083,22.45657,48.369369,39.53542,16.685912,28.487867,32.522487,36.054561,51.5291,31.590177,31.954196,35.887802,50.082688,47.854747,61.934992,55.613546,22.871951,55.437336,23.888482,30.477593,18.401431,25.622736,6.515573,11.545937,22.618256,27.167854,7.86871,-0.76822,82.425845,21.579833,25.794004,32.158529,42.532784,25.569152,-7.946108,-5.782445,-3.37168,-6.510134,-1.870374,29.36083,-6.72697,10.9005,-9.361408,56.688812,29.360213,24.661629,8.792406,9.364166,5.153734,74.312082
-2.126798,8.087946,19.909812,12.866498,17.572911,24.228188,14.152585,4.98353,19.084828,8.276502,12.549974,23.20858,-4.651517,2.005404,21.803875,19.609171,22.924384,36.027397,28.682817,13.623737,28.034103,37.876253,37.890931,35.562382,57.4161,84.941322,24.808428,50.013223,35.308113,19.119782,24.967113,53.309381,20.455402,21.481247,18.747218,30.169663,33.286937,37.335147,33.41893,23.310121,32.086149,52.271983,14.660807,20.232724,8.318244,23.6934,13.265021,42.123399,-7.509621,5.060421,11.486473,-4.208604,9.048493,18.708356,12.846401,20.206204,36.148079,34.987845,-22.789196,-29.454733,-23.825084,-34.095248,14.674902,23.878215,16.876021,13.329581,6.394667,13.897115,32.24463,19.440365,8.666424,22.037619,15.096404,21.587504,23.963018,16.384446,13.696771,30.40764,29.08665,31.809852,48.166961,45.26202,13.940001,47.066559,14.16424,23.429298,10.780569,14.95895,5.542489,5.507669,16.332582,19.694568,4.036956,-5.330588,83.359981,18.266453,20.321915,31.771376,29.956829,16.208927,-9.286067,-10.066527,-5.801382,-10.112569,-2.927628,53.967125,-2.223711,23.639952,-11.189265,64.350616,53.594949,18.43123,-7.232113,-1.142418,0.888593,124.36532
-9.524731,-0.290937,13.727497,7.582826,9.460794,12.263452,9.523379,-1.872846,13.049061,-9.16507,0.743575,12.523019,-9.807839,-2.840256,6.642715,14.085242,5.979475,19.536747,21.51427,1.493515,14.642517,33.187223,28.744305,30.344259,41.967864,52.217092,13.947911,35.181869,15.952255,7.606684,9.306546,29.158891,11.414541,4.043053,9.265128,32.054531,19.608474,27.366576,28.245958,25.309264,5.14244,25.386839,-4.946581,-2.853448,-4.512891,-0.326123,0.777294,23.345293,-25.139776,-8.612665,-1.998376,-21.272581,-8.158746,-7.71503,6.745206,7.566389,23.448575,20.247463,-35.396975,-44.925222,-31.728854,-32.062247,-1.337467,12.794935,5.710042,13.435662,-11.881475,5.533452,10.373269,-4.535418,0.527311,11.941015,-1.957875,2.592575,-6.256083,-0.631574,-6.057352,14.892957,5.937615,12.465906,26.079941,28.763145,3.76348,28.666218,1.613645,11.089398,3.20089,3.440259,3.319679,-1.844322,6.167827,8.539218,-0.448894,-7.896698,70.194038,14.671572,8.539197,25.82113,9.068856,2.613533,-9.985554,-12.577649,-7.417112,-11.033963,-0.809857,73.486315,2.599688,33.407946,5.396867,56.211523,67.312534,8.094593,-20.054652,-7.712829,-1.660035,166.493857
-14.25566,-7.035188,4.522636,5.01058,2.419928,4.546989,4.52156,-4.581913,10.112166,-11.810002,-7.10074,-0.688639,-11.636794,-10.444119,-4.848767,7.708902,-6.904824,3.49685,13.88057,-6.302739,2.953431,21.855946,16.194409,22.730609,20.459564,14.602331,1.187319,11.41094,1.714989,-1.236052,-4.623795,7.921576,1.937767,-8.747994,-1.495371,32.900418,3.477681,12.908799,16.320381,19.735571,-16.582781,-1.511325,-24.576611,-24.946983,-12.997352,-22.166305,-9.899423,8.84074,-34.615603,-16.072208,-14.20126,-29.769076,-23.068197,-28.435858,-1.961797,-5.617862,5.724536,2.298976,-36.24627,-44.596361,-31.607789,-23.011361,-11.58428,2.487535,-2.582934,7.987296,-23.203702,-3.764168,-9.869537,-24.181117,-4.297898,2.483876,-10.655564,-12.451608,-26.30389,-12.022923,-19.816672,-4.682975,-8.398499,-2.359719,4.44098,12.747825,-4.107776,7.974673,-10.346985,-3.707068,-1.520405,-5.766844,0.01105,-7.924866,-4.409214,-2.551677,-3.998559,-7.672942,51.08889,11.356758,-5.725745,14.687244,-10.956048,-9.176703,-9.318672,-12.266456,-7.202854,-8.817824,2.73278,78.687742,2.866094,33.737834,31.778045,33.386532,65.053568,0.224592,-23.90177,-8.732623,-3.243536,183.50374
-15.717957,-10.815973,-4.264183,5.500885,-1.243207,3.966698,0.431388,-3.082108,10.037493,0.453173,-8.653196,-11.49534,-10.546416,-17.517531,-9.686871,2.10934,-9.86745,-5.716537,7.743979,-7.198312,-4.427228,6.833377,4.588436,15.344622,0.91313,-13.257049,-7.508861,-12.633973,-2.068369,-4.136327,-11.25855,-1.948714,-4.890902,-12.943437,-10.349693,30.365726,-9.677074,-2.631873,2.318145,8.701127,-27.437278,-20.424318,-35.47753,-36.75503,-15.047137,-34.001926,-14.180942,1.731501,-33.519554,-15.017869,-21.550521,-26.703794,-29.413665,-36.095392,-9.819671,-14.26642,-10.454244,-14.551358,-28.12976,-29.464764,-26.105685,-11.846004,-12.244469,-4.528319,-8.271435,-3.150314,-25.472816,-13.506944,-22.381614,-32.841529,-4.600844,-3.131811,-8.839291,-18.294379,-31.394635,-15.096521,-23.974235,-20.591584,-10.532771,-9.280224,-9.991965,1.064591,-7.849321,-7.954702,-18.672688,-16.896875,-2.379661,-11.025991,-3.543121,-11.112441,-11.888912,-9.958821,-5.179151,-4.996081,33.616413,8.112615,-17.970339,0.831655,-22.095535,-14.655309,-6.69614,-9.276249,-4.650444,-4.340605,5.618366,67.586446,-2.02165,24.758221,54.845337,3.257265,47.621946,-1.290621,-18.417024,-5.558591,-5.390021,167.096281
-14.647082,-11.831869,-9.558155,7.470807,-1.713473,8.821595,-2.322166,0.147696,9.66352,18.160971,-5.814628,-16.74393,-8.334646,-20.311222,-9.287304,-2.294262,-3.602683,-6.801012,3.488906,-3.18854,-7.018842,-6.772034,-2.51454,9.868135,-9.723948,-22.684405,-8.748276,-27.387659,2.275278,-2.467614,-9.373748,0.474874,-7.703673,-9.423051,-14.934613,23.659515,-16.557429,-15.781221,-7.914034,-2.628861,-29.045505,-28.885063,-34.105992,-35.120915,-12.018362,-32.200818,-11.859403,-0.726251,-25.631344,-7.660155,-23.027904,-15.663333,-25.863798,-30.9905,-13.502521,-16.255733,-20.036229,-26.950322,-18.314303,-8.390003,-19.880492,-3.856839,-5.532719,-8.216892,-13.490849,-15.72534,-21.079172,-21.071012,-25.032294,-29.709018,-2.046321,-4.396481,-1.17228,-15.436335,-26.020684,-12.634213,-20.336201,-27.420038,-5.529954,-9.866877,-15.389728,-5.943997,-8.264863,-16.549437,-21.823379,-24.774222,-0.779016,-12.664986,-6.221512,-11.473536,-14.73919,-12.540869,-3.882474,-1.680013,19.375269,4.656285,-24.856409,-11.709617,-22.06575,-13.468136,-2.496479,-5.17958,-0.380475,0.437458,6.654904,45.122566,-8.476587,12.688803,64.788275,-23.902116,20.915849,2.146536,-8.944632,-1.370841,-8.710083,120.430948
-12.679067,-11.466603,-10.257078,8.538067,-1.131153,13.961264,-4.219737,2.144251,5.45966,28.5909,-3.41431,-16.567711,-7.020781,-16.841559,-7.813447,-5.820995,5.596677,-3.479297,-0.115483,0.314021,-6.117796,-14.497283,-4.018945,6.069253,-9.503343,-15.188081,-3.834081,-27.66048,7.032468,-0.570412,-2.222902,8.827814,-7.168707,-2.608478,-14.409791,14.83669,-16.956912,-23.925227,-10.567061,-8.869846,-26.468833,-29.559551,-23.404898,-24.006726,-6.592027,-18.743899,-6.242864,-3.88412,-17.207927,1.173336,-20.114675,-3.842917,-16.697973,-20.231098,-11.509386,-12.739652,-21.905027,-33.475714,-13.927572,7.267758,-17.106799,-1.626418,2.194506,-10.383355,-19.913309,-23.018578,-14.562805,-22.612812,-20.072577,-20.250196,0.112823,-3.182033,4.438006,-8.933531,-19.180979,-10.058333,-14.289153,-24.611412,-1.888867,-8.09362,-14.472384,-9.814153,-7.952621,-20.252697,-20.101595,-25.499087,0.517536,-12.296584,-7.165763,-10.137909,-13.946699,-12.089084,-1.556841,-0.143435,4.140226,1.176584,-24.809592,-18.829116,-14.639978,-9.135198,1.798553,-2.193482,3.949642,3.40845,6.008508,19.291955,-11.642653,5.095353,59.351547,-39.627132,-6.602568,5.322599,-2.911011,0.947927,-11.907851,55.917781
-11.312288,-11.27502,-7.457459,7.200226,-1.732559,14.455772,-6.034931,1.882722,-3.442668,24.389498,-5.867137,-13.941138,-7.456619,-8.190947,-8.918766,-8.551383,10.546022,-1.142354,-4.921153,-2.014965,-3.522635,-14.610971,-1.613204,2.295764,-2.167454,-0.38374,2.362755,-15.47001,4.983265,-2.165012,4.735934,13.817252,-5.166368,2.686573,-9.566656,8.359374,-12.975347,-25.682831,-5.68664,-7.32429,-22.756872,-26.821344,-9.918267,-10.752585,-0.174984,0.459184,-0.990268,-10.480231,-11.625709,7.466996,-15.170097,3.045761,-8.595995,-12.453395,-4.768556,-6.421138,-18.690374,-34.658028,-17.345473,10.86638,-19.005602,-3.64301,5.13907,-12.822738,-27.107076,-19.870258,-9.338612,-15.101851,-12.242741,-12.227333,-0.639708,-1.912643,2.373531,-4.618316,-17.607353,-11.248026,-11.066425,-16.137317,-4.55512,-7.055294,-11.604162,-11.752879,-9.4298,-23.733165,-15.288051,-19.870738,-0.595414,-11.647714,-6.183213,-8.006043,-11.824087,-11.626536,-0.22387,-1.740691,-16.655184,-1.621154,-17.634067,-18.141863,-5.940109,-6.195828,4.415519,-1.76375,6.528395,3.481381,4.831888,-2.967898,-8.759036,5.524148,42.889394,-40.786785,-26.423436,3.566432,-4.756153,0.47986,-12.423182,-9.529968
-11.003778,-12.088777,-3.504103,3.797347,-4.143205,9.220908,-8.152978,1.014605,-14.12971,8.393518,-14.084012,-12.639152,-8.761062,1.889594,-13.336817,-9.827018,8.107448,-2.857915,-12.099528,-11.932828,-0.387017,-8.34729,1.323105,-2.993437,5.705236,10.590212,4.90382,1.329214,-5.443402,-7.607745,6.942176,8.824531,-3.606884,3.861236,-2.486509,8.723137,-7.382705,-21.044952,3.336775,0.754493,-16.515847,-23.364199,0.670242,-0.990081,7.71858,18.788227,2.541975,-17.833443,-7.01825,10.260387,-9.763377,4.151752,-5.897484,-12.050753,4.005159,0.464146,-14.445982,-32.29767,-24.814266,4.494068,-23.116344,-5.722299,2.06116,-15.72132,-32.930989,-6.35852,-5.902996,1.459158,-5.93697,-10.241541,-4.387399,-1.713672,-7.148029,-5.482616,-21.893922,-15.98742,-12.725116,-7.836826,-11.258681,-7.412651,-9.733281,-11.747305,-13.547982,-29.979408,-9.918487,-11.010162,-3.975279,-11.682171,-3.831984,-5.02616,-10.148835,-12.98005,-0.986466,-5.581986,-41.660589,-2.904661,-4.223769,-10.128401,0.028972,-6.968592,4.497451,-3.514386,6.503838,1.249923,4.465837,-17.528343,-0.623724,11.373814,22.307418,-30.3053,-32.10719,-3.47783,-13.015314,-1.595581,-8.326503,-59.421848
-11.09407,-13.853159,-0.783416,0.024257,-7.166384,1.842529,-10.407586,2.125621,-21.76803,-8.889114,-24.774327,-14.876189,-9.114085,8.818109,-18.952495,-8.798352,0.773474,-7.687651,-21.312398,-26.524156,2.913772,1.298506,1.547176,-9.834578,8.96365,11.570833,2.083665,13.68534,-19.422414,-13.956686,2.846245,-6.551114,-3.693238,0.939825,4.0711,17.261684,-2.346753,-11.579331,11.922225,11.120666,-4.350703,-19.442518,6.247252,3.831624,17.526133,31.411362,5.345276,-19.977152,0.972931,11.079847,-4.314706,2.840595,-7.843443,-17.045598,11.612374,6.799236,-12.039146,-28.591887,-29.370013,-3.1723,-25.072668,-4.39968,-3.397683,-17.576786,-35.523082,11.398895,-2.636699,22.854086,-3.17546,-12.970551,-8.927871,-1.928986,-18.87828,-10.53988,-27.745719,-20.657339,-17.678676,-4.238518,-14.836231,-8.275638,-9.2845,-9.501736,-19.186139,-38.080132,-6.467743,-3.035389,-7.250181,-12.423703,-1.188364,-0.743701,-9.135287,-15.575826,-3.205424,-8.978039,-62.032415,-2.239973,12.974375,1.970412,3.066673,-10.310818,2.749174,-5.443923,4.505579,-1.355599,5.711108,-22.450034,9.456782,16.282044,3.348579,-15.109737,-21.261806,-11.641139,-21.662972,-3.363637,-0.059099,-81.822497
-10.603449,-16.115178,-1.013125,-2.587386,-9.170603,-2.200315,-12.49342,5.830655,-23.214966,-17.31038,-32.590237,-19.985533,-7.404617,9.427161,-22.983299,-5.60992,-6.040585,-12.27659,-30.711329,-40.081361,5.945864,10.919494,-2.448343,-16.51577,6.594172,3.68577,-3.810901,16.287397,-29.688982,-17.550351,-5.8814,-26.701915,-5.836097,-4.881325,7.472802,30.154947,0.883362,-0.508143,16.510821,18.913693,14.178263,-14.783732,7.749242,4.994415,27.074478,35.917414,8.523521,-13.21947,13.665909,11.364861,0.915608,2.955334,-9.790317,-21.79475,15.548776,11.713611,-11.985381,-25.428702,-26.00577,-3.643876,-21.855544,0.138004,-6.191927,-16.668286,-35.038992,24.208332,1.774124,41.485669,-3.375789,-15.180342,-11.598919,-1.211047,-26.775072,-16.465691,-30.533751,-21.345099,-22.616213,-6.619093,-9.553726,-9.160967,-9.317197,-6.001197,-24.207767,-44.064371,-6.536399,0.755343,-7.52226,-13.326406,0.578651,4.380962,-7.955268,-17.350836,-5.051127,-9.440298,-66.529772,0.030435,29.341652,13.436764,4.779567,-13.127749,0.927565,-5.389861,2.131276,-2.319736,8.436446,-17.09328,17.92177,14.956081,-10.818358,-2.677947,2.780649,-15.707284,-24.702349,-3.887768,9.344182,-72.785372
-9.20894,-18.52248,-5.05594,-3.947369,-9.820819,0.017394,-14.443889,9.244081,-19.611165,-14.627407,-33.566539,-24.808994,-4.455119,3.460804,-24.296905,-2.087445,-8.630644,-14.079769,-37.622577,-47.498877,7.362633,17.29634,-9.796636,-20.598985,1.243436,-7.354093,-8.6784,9.798421,-31.97236,-16.871477,-15.688512,-43.314764,-9.835044,-12.755207,6.147678,39.364728,1.676094,7.918535,15.608215,20.94578,33.688606,-10.790346,6.690802,3.311395,31.229275,31.685246,11.1307,-0.58734,26.017606,10.405208,4.73851,5.260476,-7.339345,-22.022887,14.636122,13.537746,-13.110539,-23.890951,-15.325053,4.963535,-14.222881,3.922756,-4.29456,-12.812732,-33.480671,25.000965,6.502599,49.300747,-4.63944,-12.764594,-11.34718,0.893197,-28.27714,-20.321849,-29.088687,-16.861303,-24.973749,-12.952145,3.654615,-10.931631,-9.426769,-3.901064,-26.803627,-43.888811,-10.14008,-0.595574,-3.613137,-13.732151,0.665259,8.234125,-6.170826,-16.895487,-5.046512,-6.807612,-49.943307,2.707343,38.697291,19.909817,5.258918,-13.211058,0.48729,-2.77209,0.733549,-0.926624,11.54943,-2.813984,22.51832,6.772476,-19.239024,2.059521,30.697321,-13.714609,-20.540227,-3.886089,15.828569,-38.731541
-7.541989,-20.785285,-12.782723,-5.36183,-10.563156,6.107333,-16.592024,7.513661,-15.749843,-7.835431,-27.461823,-25.499932,-2.731982,-6.359461,-23.935893,-1.021948,-7.814495,-13.444775,-39.537121,-46.827036,5.069143,17.460512,-17.774113,-20.410244,-3.676124,-16.295962,-9.943998,-0.693904,-27.720069,-13.391847,-22.924917,-49.561284,-14.891886,-22.240194,0.407924,36.601728,-0.149759,10.052509,9.553248,16.714756,45.213671,-10.436688,3.388379,-2.324874,24.894107,19.417981,10.330878,8.868716,28.998964,5.814457,5.203692,6.984659,-0.105814,-18.086366,9.155747,10.102237,-14.016126,-23.894943,-2.999148,16.638279,-6.397961,2.25774,-0.460954,-7.86335,-32.624927,13.118827,8.940682,41.6569,-5.387777,-6.598374,-9.42371,3.275711,-25.424879,-21.182366,-25.774945,-9.425057,-24.052833,-19.243853,17.265761,-14.765273,-10.452264,-5.974748,-26.238327,-36.240218,-15.396258,-5.242385,2.750254,-13.078224,-1.022573,7.91416,-4.653754,-14.907656,-3.365649,-3.717459,-18.452681,3.996688,35.861169,18.978481,1.91045,-11.007857,1.421461,0.72978,0.424486,1.682917,13.300119,15.19989,22.315855,-4.316498,-22.719729,-1.763374,49.643663,-8.52133,-12.838334,-4.822169,16.662045,3.895405
-6.532797,-22.209967,-22.718912,-8.194184,-13.302786,9.578963,-18.9518,-2.339783,-16.413748,-7.231219,-17.499531,-19.748507,-4.564315,-15.659911,-23.535594,-4.264507,-7.754267,-12.923616,-35.067359,-39.516227,-2.435174,9.103949,-23.143522,-15.955316,-6.868485,-21.773482,-8.516669,-9.582459,-22.214108,-9.88551,-25.122147,-42.989632,-19.488634,-32.039857,-7.323311,18.359911,-4.022255,4.892766,-0.21804,7.936354,42.339031,-15.499857,-2.520334,-13.087611,7.470642,1.543219,3.983492,6.060499,16.484032,-3.748763,1.177668,4.677381,7.814832,-14.043813,0.708247,0.551953,-13.973109,-24.058333,4.510982,22.22028,-3.054135,-6.178255,0.149968,-4.416315,-31.838308,-5.114234,6.956919,20.106273,-5.215746,-1.944008,-8.169701,4.084676,-22.286638,-19.726603,-23.267901,-2.711012,-20.326799,-21.318829,22.634276,-20.169708,-13.325715,-12.672784,-22.672295,-23.234198,-19.015246,-9.490244,7.741673,-10.888523,-3.764961,1.885211,-5.0182,-13.616022,-1.762407,-3.751532,12.707229,2.09149,20.101701,10.955944,-8.097543,-8.910189,2.268341,2.2368,0.103032,3.251084,11.925131,27.524794,16.902564,-13.104147,-24.019338,-11.333611,48.504456,-5.287598,-7.248817,-7.177915,11.961126,33.59172
-6.39656,-21.488682,-31.861884,-12.394498,-18.312301,4.401734,-20.612953,-18.173597,-22.342411,-17.761013,-7.935083,-8.295191,-10.125039,-20.480682,-23.170784,-10.988103,-11.892279,-14.611151,-24.635461,-28.709829,-14.505438,-8.219412,-23.686711,-8.755147,-9.853325,-25.912056,-7.958538,-14.20825,-19.863981,-7.846267,-21.510391,-26.12554,-21.595527,-39.092332,-13.306911,-11.057363,-8.284438,-4.811377,-11.670332,-2.731084,26.550253,-23.549623,-10.074496,-26.927246,-14.906516,-17.268563,-6.586027,-11.025039,-8.622853,-16.072399,-5.98711,-2.197834,11.010138,-13.618014,-8.155373,-12.83092,-12.720142,-22.089782,4.674208,16.529673,-5.753534,-17.400196,-5.374592,-3.702731,-27.903639,-20.083283,1.105498,-7.717251,-4.60178,-3.820233,-8.877444,2.29051,-21.106037,-16.690828,-21.275883,0.999457,-14.124641,-16.413499,16.64577,-24.137993,-17.233738,-20.906076,-16.544305,-8.853945,-17.735776,-9.833761,7.797114,-6.835178,-6.259209,-8.191435,-7.936332,-14.57843,-2.062369,-8.432671,28.339391,-4.049125,-3.021881,-1.360861,-23.764297,-8.792354,1.375789,-0.150516,-1.465793,2.014084,6.552216,23.809688,6.158075,-16.882371,-27.73498,-21.991167,23.813402,-6.912139,-6.674868,-9.437483,4.397675,33.096594
-6.244934,-17.312208,-36.391318,-16.237337,-23.236602,-10.29946,-19.905198,-32.935691,-29.060419,-34.441795,-1.38005,5.036169,-16.781914,-19.13686,-20.719095,-17.637617,-19.441799,-17.961101,-10.66219,-17.232827,-27.961323,-31.777369,-19.264527,-0.923433,-15.16986,-31.102816,-11.597969,-15.71402,-20.620143,-6.353347,-13.057066,-5.107562,-19.543523,-39.564082,-14.241172,-40.780742,-10.596835,-13.581023,-22.380223,-12.858586,7.259005,-27.949199,-15.908894,-37.525582,-31.869413,-30.884461,-16.343324,-34.580912,-34.335787,-25.659544,-12.416992,-10.113838,7.018205,-16.627459,-14.67779,-24.753514,-9.817377,-15.868979,0.441364,2.439727,-11.58486,-24.207876,-14.587771,-4.414201,-17.463745,-24.620448,-5.195965,-31.46967,-3.973126,-12.182953,-10.488531,-1.383079,-20.491434,-11.927655,-16.412464,2.234504,-5.306587,-4.356208,4.319867,-22.720307,-19.068698,-25.466463,-8.290295,3.381506,-10.218791,-5.076019,1.977902,-1.063219,-7.182707,-17.656505,-11.824537,-16.750144,-4.366032,-15.390654,22.978455,-14.002143,-23.493118,-13.79858,-38.479189,-10.038927,-1.522197,-5.628857,-4.356648,-1.916189,-1.987201,-0.865123,-8.823815,-16.801598,-38.482298,-29.604341,-17.125267,-11.262849,-8.909399,-8.853395,-2.64064,-0.86272
-4.816363,-9.579217,-33.484765,-17.61997,-24.33752,-28.927798,-15.518333,-38.779816,-29.835982,-45.654427,2.199453,14.894219,-20.523754,-13.00545,-13.588707,-19.981084,-25.42711,-20.054968,2.984607,-6.745479,-38.470352,-55.591269,-11.951983,5.735917,-23.732124,-37.074407,-19.814087,-17.138921,-20.409777,-3.400398,-2.299839,12.682236,-13.22771,-31.547544,-9.189136,-58.678981,-9.288008,-16.249766,-29.956013,-20.799773,-4.154255,-21.989076,-15.804602,-37.558489,-35.041133,-34.301735,-19.608793,-51.203074,-46.563852,-27.138775,-13.885778,-13.894624,-1.679786,-18.969281,-17.016346,-29.600435,-4.612148,-4.88335,-2.490556,-11.15656,-15.193306,-21.125494,-20.837018,-3.559322,-0.440099,-18.160096,-7.875777,-43.12341,-2.991954,-21.118826,-10.283915,-5.000306,-17.132189,-5.048114,-5.60091,3.264247,5.59997,11.853257,-4.822568,-14.181734,-15.179718,-22.461466,1.273671,11.743741,1.655107,2.703147,-7.282894,5.382644,-5.904381,-21.423483,-13.292681,-16.676611,-6.498258,-19.412013,4.18495,-25.642529,-32.059312,-22.391168,-43.002904,-9.916873,-4.721466,-10.827522,-7.068389,-6.42823,-11.015494,-40.583897,-24.588908,-16.121838,-57.477013,-32.450507,-58.502649,-12.707943,-8.658108,-3.656641,-7.130382,-53.469737
-1.808499,-0.202527,-23.380162,-15.903164,-19.31845,-42.65557,-7.873691,-32.434433,-20.884514,-42.047308,4.337255,16.933712,-18.613795,-5.800694,-1.590893,-16.040891,-24.394065,-18.128641,12.322388,1.777109,-42.938908,-72.425178,-5.168403,10.048698,-33.553219,-40.890297,-29.498521,-20.53874,-15.139892,1.542109,7.128326,21.121114,-4.71769,-17.382633,-0.487022,-57.883805,-4.854052,-11.333805,-32.954822,-25.693003,-2.250118,-4.685525,-8.138323,-24.477789,-23.798504,-26.772778,-14.370428,-50.577752,-38.544689,-19.422336,-8.885725,-10.804891,-9.519665,-16.209791,-15.288665,-25.125419,2.844945,8.821377,-0.453505,-15.843338,-12.788549,-8.616217,-18.097228,1.157459,18.35235,-6.649499,-5.185509,-40.843577,-0.6592,-23.119969,-6.159027,-6.990573,-9.47564,3.042066,9.860032,5.573933,16.004458,26.508564,-3.986471,-1.260702,-4.430155,-12.352394,10.345403,15.974087,13.112136,9.073633,-15.604315,10.472446,-2.98633,-17.371832,-9.415178,-11.03268,-5.402168,-16.012928,-13.149641,-35.633945,-25.849164,-24.89416,-31.81384,-6.129737,-5.587724,-11.927992,-7.465582,-8.736614,-16.954349,-78.881904,-35.596208,-17.101009,-79.766534,-31.735304,-83.267922,-6.953637,-2.410885,4.926715,-9.349251,-97.609072
1.37375,7.447291,-10.136739,-12.693686,-9.60852,-45.100964,0.404279,-17.876537,-4.973705,-24.279884,6.002224,10.171568,-11.595955,-1.590083,11.468687,-7.79977,-14.906991,-12.153346,14.941268,7.284768,-41.255116,-77.130971,-2.152033,11.258834,-40.880485,-39.888773,-36.01622,-25.397646,-4.864761,6.189078,11.57227,17.412482,2.498875,-3.30081,7.198762,-40.684688,-0.271821,-2.396673,-31.825557,-27.283447,8.47068,16.334174,3.590648,-4.192359,-6.208421,-13.123063,-4.41567,-32.64013,-15.848952,-7.237291,-0.261033,-2.951361,-12.110422,-7.780788,-11.769353,-14.398309,10.746947,21.014347,5.220475,-9.647109,-5.07698,6.783226,-5.900403,9.229383,31.127212,1.655536,0.880206,-29.427616,3.778,-15.328433,1.242658,-7.411804,-0.055856,9.443388,23.372583,8.104857,21.42935,33.115169,5.589349,9.664994,9.819044,-0.164027,16.141396,16.145071,18.648393,9.760573,-19.334809,11.805497,-0.103615,-8.095916,-0.316948,0.250748,0.331962,-5.115887,-17.538522,-40.57246,-10.519596,-21.63738,-8.236332,0.593065,-2.596724,-7.391377,-4.486421,-7.304018,-17.14438,-96.313204,-36.662106,-19.155673,-94.943949,-30.423532,-81.737509,4.681715,7.828896,12.606239,-11.157331,-108.096618
2.319565,10.429036,-0.039275,-10.743032,-0.125691,-36.489682,5.587311,-4.065231,9.544259,-3.443813,6.469249,-2.100318,-3.126703,-2.503603,19.18349,-0.2494,-1.215482,-5.147779,11.176507,8.720904,-36.102794,-69.377558,-4.461206,8.784541,-42.850064,-35.005895,-36.170446,-29.397368,5.446962,6.86487,8.963327,3.223752,5.459898,4.019851,9.418824,-17.363972,0.610334,3.89216,-28.916477,-25.826342,16.724918,28.023305,11.778645,11.113946,5.975588,-1.744267,2.772717,-8.050788,7.014153,1.565935,6.15086,4.072975,-9.547893,1.809532,-9.741313,-4.201914,15.621587,27.10564,9.410053,1.96319,3.231107,16.849625,9.510875,17.210075,31.725255,1.632338,5.882709,-17.095877,9.667321,-2.78081,8.293272,-7.787416,5.795998,10.56847,26.766031,7.861259,17.960558,27.44649,15.408742,12.482449,20.714898,7.622342,15.968528,12.080324,15.048413,3.363134,-17.711344,7.824525,0.741405,0.52882,9.958078,12.764691,8.657929,7.99564,-8.927421,-38.310788,2.985591,-15.28356,15.996701,6.270624,3.135334,0.675666,0.67701,-3.01031,-11.580472,-81.695767,-26.415539,-19.676768,-92.169723,-30.911884,-56.656654,15.268446,15.270067,14.367351,-14.258369,-76.789302
-0.530338,8.213729,1.846485,-11.710795,3.680371,-23.375888,5.035015,0.919685,14.011577,6.571479,4.085751,-13.587221,2.358003,-7.411704,16.413292,1.789665,9.379395,-0.806867,3.931599,5.987654,-30.978925,-53.890042,-11.236692,2.361205,-39.593403,-31.43336,-30.070389,-30.71311,9.357381,1.82415,0.232906,-15.657941,3.624717,1.805825,4.691553,-0.583299,-4.119834,2.104483,-27.034503,-22.04142,12.761986,20.061609,9.333307,10.525496,4.996902,-0.039855,1.208112,8.508806,16.247733,1.260777,5.263713,5.344545,-6.186798,5.975681,-11.384412,-0.62236,14.082015,24.543556,7.593865,10.52001,7.072144,17.509692,18.954641,20.78432,19.830246,-5.702926,6.001629,-10.722665,14.30561,4.260364,10.455475,-9.61426,4.104348,4.847776,16.372059,2.527324,5.588376,10.34631,16.150229,5.783643,21.71832,7.455665,8.920501,3.945939,3.513045,-7.40748,-13.088283,-0.995503,-1.597305,3.250233,15.291946,19.603053,14.558649,15.536055,1.860548,-28.826343,5.339995,-9.485849,27.297062,6.396844,8.12458,7.646382,4.963441,1.32324,-3.354037,-39.993587,-9.268475,-16.630467,-66.980576,-32.877848,-21.655264,17.014596,13.388911,7.857312,-18.694745,-19.05554
-6.251077,3.179506,-5.07944,-14.617334,-0.420442,-14.146389,-0.954651,-4.785597,5.517523,-0.696945,-1.763832,-18.100319,2.530843,-12.470574,3.069161,-3.051515,11.582255,-0.380934,-2.97178,0.766116,-27.901028,-37.870897,-19.631687,-7.489431,-34.175724,-35.55446,-20.751588,-29.84708,3.981484,-6.288431,-10.532596,-31.444139,-0.732794,-6.838912,-4.320762,1.366265,-12.371378,-7.955796,-27.244278,-16.944478,-4.11555,-7.245059,-5.065285,-7.663136,-7.938961,-10.122967,-9.023834,7.653334,7.84615,-7.772406,-3.649399,0.313486,-7.040495,1.07493,-15.97627,-4.826216,5.301207,14.34287,-0.17999,10.752027,5.043154,11.700474,16.454098,17.592175,1.709526,-14.549849,0.540991,-12.515399,13.425807,-2.665426,5.347852,-12.805971,-4.041474,-5.259242,-3.131747,-6.978305,-10.224684,-11.604745,4.974612,-5.488389,10.838938,1.198594,-2.94518,-6.674093,-10.54711,-16.923119,-9.147135,-11.790272,-6.488367,-0.838538,11.133223,15.538368,12.879854,12.243619,1.868319,-14.217649,-5.067314,-7.005406,18.830367,-0.281433,8.644188,9.376204,5.328886,2.812354,2.795641,8.937962,6.063876,-10.66976,-25.360282,-32.807459,6.091411,7.381333,1.599961,-4.53308,-22.557366,33.521156
-11.469511,-0.992998,-16.186859,-16.41113,-9.616641,-13.496648,-9.022303,-15.87901,-10.630852,-19.139299,-9.258099,-12.984907,-1.431737,-13.401821,-14.988731,-11.648004,5.789399,-1.515588,-7.018187,-3.933293,-26.488259,-27.170053,-26.213282,-19.130453,-30.40935,-50.038353,-12.073136,-29.419272,-7.407693,-11.27911,-17.757783,-37.705437,-4.118877,-15.093195,-12.170117,-11.452083,-18.53353,-20.454194,-27.553596,-11.507708,-24.393237,-41.130197,-24.985709,-33.557833,-23.948459,-27.628175,-21.319546,-9.098493,-10.349291,-19.367568,-16.126419,-6.873844,-13.601527,-10.445988,-19.805607,-12.141913,-7.632943,0.714801,-9.036859,3.729542,0.581658,6.888966,3.356865,8.760762,-13.299819,-18.874024,-7.946509,-19.991245,2.9925,-23.808869,-5.341887,-15.454074,-12.451119,-13.886906,-20.480337,-16.178982,-20.610639,-28.605194,-11.838769,-12.787061,-7.626625,-5.236715,-14.981394,-16.525023,-20.176323,-19.750499,-8.361194,-20.225595,-11.515384,-7.505594,-2.37345,0.678102,1.845116,-0.815464,-13.517279,2.106308,-21.017931,-8.243521,-4.738987,-9.964195,3.352072,5.061735,0.912237,0.52873,3.203804,40.900083,11.201796,-4.984434,18.20549,-25.879114,14.775416,-8.202709,-13.03239,-16.551322,-23.018968,50.836938
-12.36075,-1.981234,-24.150061,-14.404371,-17.633152,-19.690186,-14.610766,-23.973629,-23.988472,-34.067246,-14.671075,-0.856877,-5.904991,-8.22911,-28.88469,-18.384138,-2.370043,-0.22603,-8.325368,-5.522615,-24.957095,-23.582846,-28.583302,-30.042564,-30.157767,-70.606433,-6.515559,-31.959573,-17.346141,-7.5037,-17.258782,-32.456238,-4.361529,-17.314456,-13.870454,-31.438782,-16.699243,-26.78729,-23.860332,-6.331832,-34.579097,-62.718469,-39.438161,-51.172866,-32.958639,-44.403658,-26.825042,-30.959256,-24.856088,-26.012792,-25.212095,-10.669034,-22.316168,-21.290605,-18.245406,-15.299181,-18.804354,-11.039695,-13.017169,-5.115177,-0.739646,8.968826,-12.535439,-1.915557,-18.314433,-16.75272,-15.800638,-28.695128,-18.180955,-50.103634,-16.506847,-15.216861,-13.92405,-15.101052,-24.56936,-19.479197,-18.322687,-32.456464,-23.036013,-9.572264,-25.191712,-6.231647,-21.967104,-21.908534,-20.575313,-13.874363,-10.448473,-22.407744,-13.574841,-10.283287,-19.880332,-18.914823,-15.089983,-16.424316,-36.147826,16.570282,-31.203066,-11.042069,-29.817149,-15.733808,-5.431563,-2.07259,-6.076289,-3.761082,-2.353016,41.071448,3.205231,-3.011553,48.045363,-9.365388,3.461538,-19.461423,-19.883348,-21.605646,-17.980944,21.942957
-7.343276,-0.487424,-23.340809,-8.694792,-18.735127,-26.298985,-14.651154,-23.586247,-25.63137,-32.616733,-14.655669,11.649589,-7.469151,1.280285,-31.758908,-18.819965,-6.253198,5.47008,-9.058272,-3.612385,-22.008208,-24.771544,-26.320918,-37.591629,-32.061867,-87.061348,-4.294944,-37.351135,-19.29594,5.584018,-8.70863,-19.145209,-2.184815,-12.982597,-8.050256,-48.106172,-4.764398,-21.012257,-12.975236,-1.585744,-26.499003,-58.064441,-39.452065,-48.474396,-30.530434,-53.145859,-20.488872,-45.124816,-26.174914,-24.049349,-25.873526,-8.377648,-26.890629,-24.084445,-8.922569,-9.634944,-22.626907,-17.067438,-9.801019,-10.935735,4.228251,17.237494,-22.155725,-10.424458,-12.713384,-11.352496,-20.756053,-35.249097,-46.186485,-68.224884,-22.478042,-11.254255,-5.584283,-6.850369,-11.766386,-13.778912,-2.617976,-21.066143,-20.36107,3.989729,-33.840408,-0.620944,-20.720476,-20.690724,-11.682389,-2.016021,-12.803985,-16.847926,-10.588706,-5.146977,-33.386653,-34.163421,-30.464265,-25.464686,-50.153689,26.37366,-27.644261,-11.959225,-42.133283,-12.170398,-12.828369,-6.83118,-11.499248,-6.706429,-10.279422,12.323776,-13.240679,-5.833746,55.545144,14.541727,-18.523174,-18.268569,-12.107867,-16.720835,-7.369869,-38.274155
1.513852,0.543836,-13.231136,-2.490286,-11.377693,-26.901671,-9.265218,-15.519301,-13.818241,-12.968389,-8.628237,17.691175,-5.157424,10.551965,-22.628005,-12.429863,-2.967851,13.295634,-11.24492,-0.24789,-17.892851,-26.434022,-20.759876,-39.871597,-32.518536,-88.342502,-4.026141,-41.965018,-12.02955,22.012907,3.957096,-4.674981,-0.495553,-6.559644,2.06593,-53.467499,13.400152,-3.934397,4.232453,2.719483,-3.09808,-26.85264,-23.681644,-25.100087,-20.029289,-50.8146,-4.573303,-44.337416,-14.683902,-15.694538,-18.050095,-1.987267,-22.686445,-16.148115,6.073557,3.452934,-17.100364,-16.383163,-2.508252,-12.984921,13.409352,24.579415,-20.920412,-14.730493,-1.720401,-7.927553,-22.749202,-38.42703,-71.700585,-68.276388,-20.219838,-5.092411,8.633815,7.314367,11.350459,-0.709892,19.470188,0.18967,-4.537242,20.614126,-30.256583,7.465204,-11.762439,-13.550206,1.904333,9.857901,-12.50562,-5.401976,-2.865862,6.359075,-36.311009,-37.664517,-36.591714,-22.490501,-42.947146,29.970243,-10.775014,-8.364306,-35.104836,0.605263,-14.305277,-5.501031,-11.819882,-5.620515,-15.239716,-27.133999,-28.24222,-11.27756,43.093952,38.578729,-37.348899,-4.482278,8.027888,-4.322754,6.533813,-97.671256
9.580314,-1.284851,1.475105,0.201095,1.043118,-19.27607,-1.349765,-5.23527,5.233666,14.399901,0.59818,14.403821,-0.686922,15.075426,-6.568384,-2.530495,4.854152,17.942243,-14.598318,1.819161,-13.735022,-24.935873,-13.853635,-36.142306,-28.124905,-68.662639,-4.045556,-40.402913,-0.012968,32.534939,14.653475,4.605391,-1.803398,-3.296696,10.589669,-45.140591,29.472987,16.914509,22.036298,6.348319,23.269737,17.01863,0.77845,7.616568,-8.852994,-38.85621,12.880033,-29.836172,1.181853,-6.491973,-6.251074,3.805112,-9.942615,-0.848828,20.635464,17.313836,-4.962146,-10.483633,3.00958,-13.828141,20.809868,23.057241,-11.041142,-15.192512,7.718737,-9.232219,-22.574759,-37.889328,-82.681205,-48.90944,-10.822982,0.380329,20.44613,20.18423,31.904739,14.122879,36.730967,21.300365,15.091914,30.278132,-17.030921,11.781124,0.992243,-3.408232,13.586363,15.968268,-8.427506,7.403781,6.763734,17.879768,-26.667182,-27.279589,-29.70784,-8.926755,-14.371251,27.176869,11.135081,-0.156415,-12.858058,16.51239,-8.521424,1.648515,-6.361382,-0.344754,-13.520568,-55.109561,-32.396746,-15.342883,21.431647,53.528596,-41.940665,13.743642,29.917971,9.322908,19.771339,-125.29483
12.660414,-5.221881,14.031159,-2.11309,12.750919,-6.299522,5.569534,2.188869,21.836321,34.294576,8.524903,4.770903,3.323416,13.367758,8.755751,6.376284,11.429949,15.10931,-16.148655,1.556211,-9.813163,-18.700846,-6.96393,-26.777571,-17.878251,-31.058606,-3.291801,-28.922748,10.303754,30.593917,18.581364,6.506288,-5.769011,-4.362141,12.634725,-26.077605,35.244134,31.503516,32.494736,8.701246,38.712217,53.446659,22.865848,34.210525,-2.05507,-20.853688,23.445349,-8.616438,12.384578,-0.452486,3.840565,5.621958,6.439014,15.161017,27.78563,24.52979,8.060741,-1.776927,3.243545,-15.339079,21.080089,10.756341,0.902531,-13.222513,11.645949,-12.963891,-19.922205,-32.373332,-69.72503,-16.88205,1.499986,3.046782,22.9777,25.32178,38.715676,24.38467,40.189282,33.049111,26.944289,26.561216,-0.428434,8.819143,12.325436,6.55531,18.363948,13.964212,-1.996799,16.394015,14.249698,22.464727,-7.667447,-6.708915,-12.032563,8.157715,22.459634,19.118552,27.527751,9.920121,13.563042,27.206473,1.755532,10.528882,2.218359,6.546424,-5.527341,-58.327214,-22.250197,-14.831401,2.58231,53.053743,-28.873428,25.503704,41.261845,17.929885,28.015579,-108.210721
9.821464,-7.259122,19.900547,-6.753295,19.457942,6.610972,9.596419,6.238243,29.220853,37.518037,11.852198,-4.244682,5.581086,7.964958,17.735662,11.717307,12.327613,5.255134,-12.269014,0.728372,-4.577087,-7.993258,-0.412104,-13.057681,-3.780219,13.649948,-1.345438,-8.360616,15.205422,16.852877,14.837996,3.825869,-8.964815,-5.426267,7.340904,-2.072343,27.41308,33.057971,30.179168,9.091456,36.253157,67.53408,34.151175,44.746677,1.378666,-0.072258,23.623257,11.936455,16.111302,3.023418,9.138753,4.089367,20.158166,26.396665,23.722052,21.82324,16.674415,7.806708,0.234559,-15.513781,13.824742,-5.602289,8.935222,-9.626454,11.037916,-13.344477,-12.952286,-19.664017,-31.839765,17.759137,12.010765,3.097524,15.579054,20.956044,28.969262,26.517004,28.250885,31.729541,24.938948,10.715648,13.417203,0.644704,18.320023,14.699507,15.24025,5.963525,3.84973,18.115674,16.398007,17.293548,14.201987,16.807439,9.405053,20.692987,49.143433,8.050815,32.02257,17.580546,33.488493,27.360865,11.273143,15.926881,9.553925,11.345335,4.29481,-38.787763,-2.141702,-9.281328,-6.705683,37.352877,-3.000557,24.524777,36.042781,18.702438,28.052816,-56.787988
3.988736,-3.005123,19.140156,-8.470322,20.685981,15.209877,11.216031,10.761121,27.268083,26.767264,10.464814,-6.287394,6.952601,3.633288,19.516742,14.057454,7.587463,-6.062884,-1.809287,2.527096,4.312821,5.917987,5.969895,2.8439,10.279127,51.711187,1.9067,15.43572,15.725051,-1.070375,6.559262,1.806045,-7.315412,-0.19967,-1.723743,20.848089,9.536247,21.70866,15.896452,7.26308,19.225642,57.142886,33.100779,39.835765,6.648229,21.020899,16.353643,27.685838,16.636202,7.876933,10.543999,2.947285,27.252261,31.244407,10.200723,11.895599,18.777075,17.044395,0.033016,-9.506609,4.208377,-14.796438,11.373119,-4.187333,9.89112,-5.787677,-0.212603,0.9878,20.738907,46.862444,17.810912,2.671041,4.09365,10.682509,9.204306,21.236634,7.292525,20.353565,12.108768,-9.200612,21.271557,-6.520442,17.986466,21.085751,7.162688,-3.152878,6.673615,12.368346,12.551384,5.555629,32.168938,35.874801,26.376998,24.391205,53.205247,-3.110772,25.43323,19.189818,42.10866,17.825314,15.39809,14.870631,12.205902,11.538289,10.17194,-10.298027,18.544542,-1.029126,-7.016452,13.278271,25.577279,13.033764,18.250154,13.319838,19.041224,3.576799
-0.181848,8.432598,15.43496,-3.410463,19.025478,18.480098,12.151287,19.580399,21.204129,13.552009,7.112928,0.075034,9.278126,3.95318,17.223673,15.650458,1.22641,-11.837721,12.052124,8.669255,17.408203,21.028148,11.838332,17.756674,20.386809,72.286858,6.293296,34.115822,15.609152,-13.606879,-1.388984,3.990565,0.481343,13.670724,-9.004923,37.796123,-10.116637,3.89154,-3.293603,3.748518,-2.124145,32.240582,24.469671,28.006736,17.383321,39.391415,7.99136,37.554259,20.018148,16.896823,11.155553,5.393819,27.649372,31.24828,-6.34235,1.058495,15.838059,24.679147,7.377091,5.498886,-0.778496,-9.30395,10.745679,3.205516,11.305715,8.86023,16.580994,25.870078,69.272693,66.271113,18.604871,3.845408,-3.593691,0.636015,-9.650382,12.326566,-12.502044,5.945417,-2.203846,-23.405988,23.102408,-6.980694,13.146837,26.009303,-1.171944,-8.930889,6.046263,2.145977,4.893645,-5.827656,41.547423,45.474396,33.357518,20.52552,35.027603,-11.672121,13.775462,13.610097,40.913925,4.53802,12.714655,8.405153,9.573389,7.319771,8.632436,11.460141,30.771269,6.322519,-3.458644,-9.275459,46.114248,-0.549161,-1.192454,6.045548,3.178076,47.700231
0.362002,22.656841,12.794892,7.475262,17.271375,17.909762,13.42735,31.737195,16.737835,8.83497,5.111586,10.322011,13.263792,8.691828,14.741246,17.747257,-2.187817,-8.65269,22.978497,17.338854,31.464928,34.165858,15.816387,27.812438,24.047367,71.35928,10.93802,40.899491,17.28191,-15.448202,-5.503358,9.484386,11.250067,31.202529,-10.560344,45.33612,-23.336212,-11.80497,-18.04881,-0.245392,-17.741367,7.344251,14.902034,18.205464,31.027169,50.37175,3.376117,41.012598,27.550306,27.953883,13.005937,10.85056,23.835081,28.278031,-18.437703,-5.355793,11.015293,28.831207,20.842077,25.734695,2.401219,8.552135,10.580188,11.104758,14.816474,23.884867,31.586167,46.316401,94.56955,74.547183,15.825548,6.645574,-3.302461,-4.658381,-19.359554,3.939715,-23.110182,-4.929895,-9.160284,-26.18353,20.504327,0.01727,6.933504,28.431897,-6.083928,-9.853929,3.544735,-7.934741,-2.796525,-10.948164,40.699463,43.846783,29.631092,13.893915,6.365039,-16.204538,3.393691,2.734146,34.055094,-5.793121,5.549726,0.687071,3.925449,1.347378,0.690663,18.158056,30.47121,9.768038,-1.016903,-22.509063,51.333431,-8.093564,-11.933972,0.597544,-14.602378,62.798703
4.95638,32.099599,12.562607,18.36693,15.981379,15.210559,14.325234,40.738642,15.672815,14.777226,5.8444,17.111027,17.353257,13.937582,13.696258,19.073597,-0.998088,0.750146,25.281246,23.900807,40.124301,40.950085,16.040189,29.601351,20.674183,52.295315,14.001473,33.893941,19.452309,-8.537527,-5.408108,13.67309,18.957246,42.434425,-6.396293,41.782822,-26.265397,-19.462506,-22.207463,-3.385999,-23.347383,-7.306734,8.343513,13.522521,39.556645,48.972954,2.816965,36.579881,33.808943,34.496496,15.092173,15.043882,18.227947,22.505464,-21.707661,-6.305395,6.724588,27.555198,32.682927,41.153082,11.113951,27.481844,12.028646,16.39181,17.017079,30.733596,37.316642,52.365885,86.691019,70.920053,11.213647,8.809155,2.774718,-4.732512,-18.638958,-1.542302,-22.534034,-9.369684,-6.165309,-18.621532,15.038471,9.553376,2.001832,26.069617,-6.570216,-7.624079,1.356191,-13.887902,-7.197552,-8.690226,30.86946,32.230112,18.789835,8.893014,-17.750623,-17.127689,-2.902933,-9.468088,24.478983,-9.938073,-1.731118,-3.828838,-1.290577,-3.005375,-8.841461,11.666045,19.849689,7.986923,-1.688219,-24.2371,39.874936,-7.390231,-10.68743,-1.922102,-28.117267,51.204949
9.858793,30.953255,12.950653,22.280345,13.493376,10.782221,13.108726,39.031481,15.366067,23.89139,7.937769,15.505327,18.688716,15.017092,12.831632,16.889188,2.731622,9.468627,17.865835,24.159277,37.542501,37.307589,11.51283,21.947325,11.413461,23.573512,13.305407,16.846053,18.489999,0.1728,-3.259503,11.920213,18.770982,39.350377,-0.074632,28.057407,-20.629847,-18.350498,-16.139785,-4.838738,-21.112095,-10.14075,4.51276,10.706739,35.39173,33.406967,3.014157,23.252493,31.164566,30.373626,14.311831,13.518479,11.63817,13.080302,-16.913974,-4.770465,3.516181,20.402906,34.055371,41.498104,18.587138,34.957704,13.12028,16.054984,14.758146,24.826595,29.453385,38.969037,50.829931,55.229687,6.032212,7.651585,8.395737,-2.382287,-12.142136,-3.839458,-14.463871,-8.352418,2.352946,-6.890322,7.837205,14.650369,-0.510965,17.464643,-4.132783,-5.313018,0.61007,-14.15828,-7.103501,-2.908806,15.569769,14.321852,6.340624,6.744615,-27.79301,-16.258657,-6.13476,-18.757169,13.082421,-9.309076,-5.409478,-3.117649,-3.597031,-3.680946,-14.427519,0.03934,5.185474,1.467562,-4.7438,-17.81863,16.686537,-2.795024,-2.243969,-2.794983,-32.335216,24.515776
11.108585,19.451743,11.217459,16.058959,8.252284,4.252447,8.880587,24.483531,12.128963,25.960717,8.630362,6.598102,15.497791,10.121922,9.91133,9.822907,5.41602,11.590883,5.379547,17.730246,22.786779,22.358442,3.282326,7.248217,-1.160444,-4.743095,7.82888,-2.919412,12.333066,4.29087,-1.533073,3.462091,10.660472,22.299669,3.949595,8.44315,-11.570941,-12.039889,-5.817262,-4.564133,-16.065064,-6.335482,0.93863,5.042329,17.937262,8.123399,0.705737,3.524051,17.018946,15.294278,8.470028,5.711778,3.918902,0.672919,-8.805433,-4.495542,0.792625,9.678603,21.919937,24.127418,19.157709,26.290966,11.002997,9.64569,8.10839,8.987989,10.610291,10.536825,5.319016,30.087524,1.229787,2.582546,8.568576,-0.673841,-5.774656,-3.653418,-4.738118,-4.630407,9.079311,2.252007,0.306339,11.560325,-0.944028,4.407908,-1.301471,-4.950233,0.691564,-10.110131,-3.777456,0.913008,-0.205342,-4.313405,-3.014752,5.69934,-23.679819,-15.374207,-8.451649,-22.318723,0.839519,-7.590568,-4.364659,1.534221,-2.676115,-0.955584,-13.209208,-9.055295,-6.940438,-7.805134,-8.554702,-8.985372,-8.689639,-0.783331,5.223305,-3.767811,-25.752431,-4.58808
7.429838,4.170298,6.490559,2.972411,1.243108,-3.666862,2.91208,3.54392,5.417999,16.945182,6.157513,-3.189614,8.935595,1.917439,4.299276,0.035531,5.056987,6.565888,-4.610749,8.718029,1.732013,0.734622,-5.564135,-8.850894,-13.337466,-24.296765,-0.918242,-18.049275,3.329844,2.545713,-1.067654,-7.555457,-0.266644,0.727932,3.284175,-10.086378,-4.010501,-5.35603,1.593527,-3.146571,-11.858187,-2.327669,-3.751943,-4.140143,-4.663686,-16.788315,-4.231682,-15.428164,-2.527958,-3.685024,-1.218492,-3.951799,-4.199569,-10.913184,-2.756352,-6.610122,-1.709321,-0.047324,2.215273,-2.572728,12.613272,8.187251,4.98181,0.306689,0.520594,-8.105182,-10.134504,-20.009939,-27.901331,2.648201,-2.108427,-3.866549,3.506844,-0.403569,-2.389358,-1.528302,2.392318,-0.486805,9.275603,5.403716,-5.392906,2.684973,-0.388009,-7.691623,-0.047209,-6.346728,0.000573,-5.039257,0.087197,-0.130601,-11.199935,-17.429229,-7.070765,3.566588,-12.404702,-14.654444,-10.330754,-19.621727,-9.079682,-7.138498,-0.243361,6.839779,-0.016201,3.072157,-6.530246,-12.27428,-12.566871,-16.670808,-11.493525,-2.021851,-25.690486,-4.273095,6.599604,-5.259608,-11.452593,-26.873534
1.010506,-6.235024,0.808074,-9.199203,-3.864474,-10.11298,-1.849702,-12.097077,-0.953949,2.5766,1.227116,-6.807108,2.693067,-4.211675,-2.050119,-7.40907,2.577515,-0.617474,-6.731048,2.83282,-15.468074,-18.068366,-11.336248,-19.838978,-20.927576,-30.696051,-8.94548,-24.229415,-2.866568,-1.072602,-0.880626,-14.881249,-7.191681,-12.920499,-1.17074,-20.558284,-0.149755,-1.542259,2.440319,-1.354505,-9.223724,-1.431959,-8.295567,-12.25073,-20.452718,-30.587861,-8.799022,-24.693713,-16.18002,-16.385334,-10.3412,-9.167037,-10.207047,-16.240609,-1.516153,-8.895722,-3.28504,-4.38993,-13.599867,-23.608741,4.150366,-6.19376,-2.421988,-6.857609,-3.987633,-17.529155,-22.323543,-38.041416,-35.243437,-16.991401,-2.888339,-7.58102,-1.923065,-0.06876,-1.043909,2.182895,5.648549,2.881371,3.442259,3.461046,-7.143942,-5.18766,0.05629,-12.584835,-1.024913,-7.83924,-2.485369,-2.287257,2.062289,-4.471827,-13.743359,-20.304095,-6.307093,0.168158,-2.272118,-12.222006,-10.250103,-12.269296,-12.141722,-7.222062,3.960985,9.853171,2.45353,5.998316,1.293053,-9.870059,-11.156256,-21.326416,-11.125014,2.134707,-27.222471,-10.35636,3.049669,-6.166246,4.045256,-36.253283
-4.343191,-6.99465,-2.506592,-13.435514,-3.356127,-11.302221,-2.903489,-13.539249,-1.835744,-6.35769,-3.558868,-1.945973,0.415732,-4.132892,-6.028416,-7.92614,0.393148,-3.61711,-1.655174,2.956797,-20.235507,-24.081805,-11.81777,-21.727806,-20.64148,-24.501412,-11.73308,-21.355749,-1.899256,-1.455476,0.267017,-14.839744,-6.426696,-11.993851,-6.35484,-19.600959,0.547521,-1.30459,-1.618956,0.222237,-7.575545,-3.413584,-10.173508,-13.534435,-21.893531,-28.443129,-9.808967,-19.443096,-15.839778,-16.65117,-14.232892,-6.773944,-11.08526,-12.240822,-4.082843,-8.1527,-3.131048,-2.10718,-16.52349,-27.232364,-0.060927,-7.249303,-7.36786,-8.214147,-4.283325,-15.904525,-20.717009,-35.922926,-18.750028,-21.053334,-0.868563,-5.985583,-2.72822,1.861075,0.267583,6.427196,5.526724,4.441206,-4.334646,-0.41565,-4.608588,-6.098862,-0.358172,-7.627202,-3.768297,-8.092407,-6.088778,-3.464839,1.291254,-7.768137,-7.658405,-12.317864,-2.955503,-2.396015,1.826601,-5.418278,-6.908564,-3.136029,-6.19219,-5.419195,5.808704,9.649276,3.625795,6.544854,5.967705,-2.529332,-4.661943,-18.57142,-3.394374,5.012643,-13.212618,-13.141113,-0.109263,-5.236855,13.906324,-28.193574
-6.155586,-0.55755,-1.764342,-8.367669,3.085975,-5.480504,-0.317675,-1.584343,4.402822,-3.299598,-5.820339,6.924269,2.819365,1.757742,-6.016908,-1.163595,-0.299424,-0.007259,4.222105,6.656169,-11.072634,-12.951104,-7.638879,-15.409403,-11.882597,-10.805263,-7.104233,-12.642075,4.883863,2.730752,2.056412,-9.339148,-0.101256,-0.580911,-9.447044,-9.613356,-0.415008,-3.681368,-5.695817,1.256766,-7.355297,-7.126283,-8.411051,-6.788121,-11.248735,-14.88792,-7.041826,-3.303814,-3.328478,-7.028934,-11.417757,0.37699,-5.909389,-1.52045,-7.103903,-3.512459,-1.803028,3.663115,-6.699292,-13.314798,1.85933,3.483764,-7.916783,-4.340462,-3.218061,-7.317326,-8.812115,-17.812183,5.944464,-9.678535,2.531767,-0.347867,1.527668,4.615297,1.400091,8.895228,2.426497,2.505585,-10.365939,-3.686848,-0.305768,0.337865,-1.974393,3.396915,-7.293806,-7.33062,-8.662768,-7.698848,-1.289808,-6.686485,3.048708,1.823183,0.327368,-1.792255,-0.443571,6.79441,-1.616003,4.753313,5.17541,-0.697177,4.618482,7.359925,3.56085,5.043227,5.900215,10.273133,3.893327,-7.692806,15.820948,8.217332,8.888775,-9.170604,1.308819,-2.626143,14.54807,-0.890084
-5.002944,5.314136,1.379275,0.80838,11.113878,4.780637,2.952828,12.999625,13.350723,7.825946,-5.308565,11.591077,6.83136,8.511487,-3.48421,7.889445,-0.919219,6.584243,3.361257,7.882005,5.102382,10.228583,-1.965354,-6.275016,2.138918,2.693874,2.924221,-2.584248,10.242353,7.501002,2.279496,-4.733327,5.420127,9.374284,-9.651632,2.355916,-2.228621,-7.396025,-5.759426,1.569907,-10.355371,-12.894247,-5.063347,2.505128,1.120442,-1.189564,-3.764667,12.699527,10.229382,2.849518,-4.815548,5.297918,2.530541,8.248485,-7.51233,2.236834,-1.604114,7.165636,6.38139,6.146998,5.772333,14.156748,-5.746379,0.191293,-5.255589,-0.059377,3.448155,3.010043,19.888441,7.76171,4.516996,4.710422,5.90154,5.065997,-0.455038,6.892302,-3.780742,-4.492724,-14.108646,-5.843639,1.38726,8.343077,-4.715359,11.731868,-10.524817,-6.962557,-8.074077,-12.258889,-3.784639,-1.711729,11.764973,13.763628,1.598659,2.076242,-6.605921,21.97545,1.758978,9.232768,13.354406,4.760614,1.467762,4.882451,2.935016,2.865892,2.835187,28.516602,11.417027,8.113408,46.587019,11.737003,27.593397,-0.7873,6.485906,-0.112026,7.605593,40.653072
-3.701174,3.466967,2.993908,6.154577,14.13492,13.215156,3.06076,16.722153,16.941284,14.825533,-4.041464,6.227548,7.668319,10.086046,-2.091372,11.72835,-4.174822,9.284343,-7.155028,1.884364,17.011045,32.521657,1.391644,-1.025745,15.133308,8.819688,12.843642,4.981986,6.003143,6.741207,-1.502197,-7.115342,4.357398,6.992049,-8.168364,8.757605,-4.937779,-11.427056,-1.568463,1.051866,-17.518525,-22.066139,-3.860479,5.883156,4.417165,2.078429,-4.034657,16.847799,12.424586,3.306138,0.329779,2.307858,8.877996,9.206131,-4.490925,4.574744,-5.070616,3.930242,10.693275,15.280008,4.955512,11.631901,-4.767152,0.131775,-12.389542,-0.568848,6.463755,12.798514,12.903741,17.733647,2.548195,4.403487,4.023801,0.304364,-7.96999,-0.601637,-12.387571,-15.895763,-17.555739,-7.628827,-2.875894,10.1373,-7.983887,9.129802,-12.405983,-7.995343,-3.888514,-14.180047,-4.578057,3.226641,12.804481,15.907715,0.29972,6.434737,-13.517821,34.526442,-0.305159,9.651668,10.202844,6.844501,-1.706943,3.443921,2.272508,1.390325,0.23146,48.39581,15.317109,22.289057,81.21831,14.23942,33.478841,5.47152,10.329896,0.325758,-1.026641,82.030793
-4.693378,-7.011468,0.026602,2.818875,8.046692,13.585812,-1.756549,3.281262,9.432973,6.735944,-4.531021,-7.806551,2.494937,3.886395,-4.856865,5.467589,-11.087858,3.628988,-22.810442,-10.36105,16.049209,40.088144,0.281419,-3.515699,20.509192,4.182068,16.784185,7.94875,-10.156324,-2.355533,-9.523148,-17.402351,-3.959464,-9.085083,-6.668709,6.184612,-8.308428,-14.665417,3.597752,-0.238576,-26.460378,-34.215171,-7.041304,-1.271037,-4.671244,-7.760912,-9.007302,4.79258,-0.886311,-8.049952,0.283498,-8.139287,8.715992,-0.79005,0.385995,0.949597,-12.495308,-5.809536,0.716477,5.707981,-3.870655,-7.837824,-7.688917,-6.328657,-21.690601,-8.90818,-2.372935,6.236614,-10.248473,11.316751,-3.645026,-2.566631,-6.222581,-9.203627,-20.070054,-11.274467,-20.389667,-27.397335,-22.209388,-9.297331,-12.590125,1.872332,-10.657449,-6.091504,-12.014526,-9.718386,1.990312,-11.963664,-3.205301,3.964657,4.978341,6.201425,-2.639779,7.559392,-18.207372,38.489778,-7.550603,7.006389,-5.346508,3.045636,-3.202403,3.064639,1.642484,1.24081,0.673527,61.554685,14.116398,27.954214,105.151778,14.777892,24.538664,4.229902,8.081516,-1.621378,-4.704434,103.270602
-7.808358,-19.708406,-6.941138,-7.382214,-5.170768,4.129004,-9.463735,-21.078139,-7.44872,-16.548719,-7.522243,-22.186984,-7.0527,-6.966676,-11.537507,-9.267378,-19.069136,-8.390509,-34.059808,-21.887833,1.765931,26.575526,-4.523527,-12.28269,14.95776,-9.017087,12.184014,6.087731,-31.401975,-16.046813,-18.645156,-29.940926,-14.296365,-29.11326,-5.735132,-2.644187,-10.878128,-15.566101,5.884732,-1.89816,-31.616035,-45.004266,-13.098404,-15.370077,-19.7404,-23.699858,-15.435032,-16.86326,-21.884557,-24.257404,-4.495762,-19.206034,1.915108,-15.805219,4.569876,-6.777672,-20.614819,-16.760035,-17.996295,-17.169586,-16.821925,-34.417498,-13.412842,-15.780776,-26.737633,-18.930135,-16.876448,-10.510665,-33.574038,-9.2924,-11.259972,-12.663084,-19.971235,-18.736982,-31.000426,-19.928871,-23.050896,-32.339504,-26.655667,-9.802285,-22.96967,-13.083568,-11.433308,-26.806262,-8.951086,-9.954463,6.281738,-6.400741,-0.42255,-0.430917,-7.246364,-9.955521,-5.298007,3.796052,-17.795144,31.297918,-15.146579,3.444996,-24.912418,-4.768065,-2.267361,3.069401,0.943985,2.178738,4.134209,58.994812,8.224843,22.043909,103.880414,14.081653,7.352234,-4.007451,-0.17042,-3.95614,-0.089848,89.362263
-10.254079,-25.332823,-13.632518,-17.252515,-17.972904,-10.565593,-15.234106,-41.021491,-24.44671,-42.263506,-11.097772,-27.042149,-15.523209,-15.463272,-18.316845,-24.640834,-23.059507,-19.226023,-32.56597,-24.318113,-17.811378,-2.381408,-9.883539,-21.44533,0.710444,-23.851072,1.553048,0.702431,-45.08605,-25.868583,-23.697817,-35.923785,-19.17923,-38.978434,-4.592461,-11.011403,-10.464895,-12.673341,3.972103,-3.171227,-27.74831,-47.471356,-17.509255,-26.575538,-29.708664,-34.085989,-17.825608,-34.448317,-36.053659,-33.898611,-9.851296,-22.507135,-6.885192,-25.306748,6.267171,-13.268155,-24.0207,-21.835464,-32.329774,-37.721388,-24.801832,-50.604848,-17.561812,-21.718148,-22.188486,-22.854927,-26.457197,-24.62055,-40.857534,-31.527431,-15.760923,-19.643328,-28.143163,-21.957586,-33.500521,-21.313837,-16.893364,-25.737009,-27.142885,-7.732194,-27.671959,-26.043305,-9.505637,-40.76512,-3.84993,-6.843542,6.338144,-0.058832,2.404841,-6.711005,-16.182656,-22.467908,-5.759236,-2.805702,-10.063857,15.949594,-16.748478,1.237706,-35.287773,-10.956291,0.71531,2.947226,0.328266,3.483646,8.158656,37.632804,0.273708,7.772065,72.517377,14.034248,-6.994787,-12.767026,-8.974554,-3.721967,10.720782,41.337941
-8.896093,-18.543365,-14.959184,-19.414101,-21.966532,-21.942678,-14.650797,-42.35398,-30.446823,-52.651276,-11.957025,-17.900811,-17.229837,-15.481171,-20.189376,-31.223978,-19.20581,-21.155797,-17.055531,-14.166715,-31.203497,-31.787357,-12.252648,-24.446244,-15.178514,-32.073254,-8.952346,-5.847482,-41.026656,-24.481389,-20.686487,-29.387422,-14.393429,-30.431241,-2.239993,-12.990317,-5.956039,-5.873952,-0.084359,-3.247664,-14.371517,-36.554748,-16.052072,-25.885581,-27.137392,-30.883293,-12.708253,-36.183666,-32.652286,-29.371481,-11.16428,-14.485158,-11.332439,-21.41564,5.303444,-13.463592,-18.780341,-16.990221,-30.883427,-41.058625,-20.120135,-43.406685,-15.908662,-19.208145,-8.150066,-16.839704,-23.612917,-25.785001,-26.554052,-40.493646,-13.747727,-18.762166,-23.965246,-15.455984,-24.034426,-13.676074,-3.053314,-8.471276,-20.846845,-3.070247,-23.02373,-28.821413,-5.167054,-38.212007,1.537455,-0.726299,1.910624,4.258412,4.115884,-9.790562,-15.740988,-22.709598,-3.236825,-7.716965,4.681193,-0.183105,-9.376228,1.613608,-27.511123,-10.059265,4.456482,2.728078,0.22621,4.40534,9.658875,4.386655,-5.758663,-6.778899,21.278447,15.659455,-9.889116,-14.451312,-11.614366,0.575751,21.371601,-20.809626
-2.990192,-2.124097,-8.760625,-11.57687,-13.720758,-22.805132,-6.876455,-21.934028,-20.188377,-37.507093,-7.956878,0.806246,-10.267912,-6.138314,-14.388163,-23.986973,-8.232265,-12.139152,5.343741,3.900204,-30.534209,-45.765402,-9.751262,-18.195821,-24.447963,-28.365152,-13.300183,-10.70514,-19.013232,-11.23722,-9.681003,-11.559636,-2.236196,-7.259678,1.166247,-7.485923,1.202586,2.776627,-2.739519,-1.728581,2.718156,-13.557628,-8.077313,-11.924628,-13.403963,-15.107653,-1.613666,-20.001332,-12.545528,-12.34194,-6.786547,0.622059,-7.872963,-4.761466,2.820906,-6.32299,-5.757171,-4.260506,-12.349169,-23.560131,-2.902125,-14.068546,-7.993661,-8.702706,9.096557,-3.538783,-9.18649,-13.159807,0.713663,-28.996395,-5.44173,-10.04727,-8.353492,-1.783678,-5.992204,-0.469438,12.037435,11.784069,-9.018063,2.029244,-10.731189,-19.322654,0.184957,-18.439141,5.095228,5.575847,-4.501425,5.16538,4.289164,-6.591157,-5.561908,-9.258221,1.294621,-7.227476,21.837622,-9.556097,3.749613,4.073678,-3.939342,-1.208558,7.239166,2.640221,0.896233,4.400983,6.989497,-26.353844,-6.641188,-13.635117,-28.259419,17.446311,-0.610855,-6.380817,-5.582997,7.378415,25.065386,-67.736327
4.898297,14.671795,2.452457,1.967196,2.488031,-12.004345,4.532344,9.797561,1.515611,-2.306548,0.049148,18.37744,1.966081,7.448038,-2.384549,-5.64734,4.40942,2.380267,23.388581,19.658078,-16.059679,-36.708397,-3.069316,-4.891093,-22.176284,-13.063277,-9.250108,-11.306622,10.098227,6.827658,4.773946,9.61374,9.972988,17.261955,4.061882,1.362069,7.427177,9.765449,-1.831341,1.074152,14.717811,13.293868,2.963549,7.950869,3.089855,4.497861,9.72629,5.304103,12.52383,7.687799,0.95751,13.685585,1.634619,15.50895,0.379749,4.360077,9.094459,9.250621,13.174662,4.650875,17.843334,21.886232,2.093457,3.969795,20.870548,10.022402,8.335157,4.749945,24.234563,-2.549274,5.08172,1.727578,10.131117,11.636819,12.007321,11.316891,20.056942,24.453484,2.919182,4.469205,3.058588,-2.904847,4.803933,9.299194,5.684235,8.606277,-8.990361,3.473635,3.297479,1.588322,8.424427,10.714965,5.463222,-1.326102,33.139112,-9.128246,14.991775,6.654211,22.286416,10.575498,7.562246,2.538267,1.946229,3.183213,0.955306,-41.276104,-2.061305,-10.381496,-55.200945,15.792456,13.391138,6.805784,5.04803,12.703328,18.697325,-78.378468
10.665788,22.512566,13.143567,13.62335,17.156639,4.78348,13.847325,35.56145,22.33751,34.320683,8.570459,24.950051,12.949776,17.60919,10.987245,14.910851,12.137498,13.243722,28.834633,24.278371,4.545338,-9.353829,5.235241,9.617659,-9.537218,8.194184,0.469369,-6.375049,30.978558,19.536586,16.215824,24.525297,15.117885,29.841048,4.731783,7.612956,9.433503,12.27078,1.97594,4.259482,15.963568,33.316058,12.218859,23.190738,13.923924,18.34285,15.475696,26.30019,28.610425,20.492939,7.847144,17.385899,11.248431,27.820073,-0.759533,12.704345,18.200277,15.914827,31.02681,26.993281,29.853364,44.682311,8.607436,11.64412,21.838311,17.495549,18.895412,16.871328,30.523677,24.244291,12.301015,10.332722,21.052299,17.34102,21.897317,15.403153,16.490152,22.773986,8.836995,2.68006,11.859819,11.394396,7.685212,31.365977,4.165294,7.003227,-8.473522,1.628156,1.990372,9.992459,17.609124,25.59284,6.811351,6.093549,30.598871,-2.374445,17.710051,7.100963,35.647057,17.567395,4.830411,1.79079,2.394276,0.770473,-5.743066,-37.140317,4.761218,-2.140218,-52.347635,7.655661,21.533134,16.444929,12.446582,12.710091,4.775612,-54.210503
11.856448,18.486275,18.596377,17.998152,21.724738,18.786372,16.91098,42.550291,30.278428,52.424562,13.877526,18.159511,17.41711,19.337957,20.638854,28.093972,12.068797,14.192684,21.579962,16.712219,21.325715,22.708062,12.419646,19.676479,6.97045,27.621851,10.167004,3.297456,33.814182,20.461069,20.152756,28.025077,11.43076,26.564614,3.05995,8.130268,6.956626,10.261411,6.258237,6.824299,8.334867,40.014954,17.166398,27.896479,17.04811,22.994106,13.93309,33.888766,29.50327,22.390847,11.123411,11.585981,15.291879,26.033612,0.141145,14.927906,17.500459,12.594312,32.144774,32.075495,26.209086,43.459543,8.575497,11.05766,13.609564,17.410566,17.877813,17.764129,18.091261,37.426118,12.777327,12.214045,19.495203,13.062407,21.890995,10.25489,4.553198,8.805339,6.458369,-1.681312,13.219556,16.974946,9.209507,38.183515,3.171858,2.95146,-2.475497,2.150573,1.257003,13.892873,16.196977,26.444219,4.317054,9.933453,11.800934,2.928134,11.267978,4.311886,28.819285,14.894776,-0.191433,-0.167174,1.383147,-2.384829,-10.082305,-23.509725,8.835867,1.787708,-31.129003,-6.486905,16.98002,16.378292,10.947338,6.39335,-9.991004,-19.568315
9.765618,7.957128,18.072673,15.501101,14.198331,23.803471,13.760785,30.406835,21.450395,43.747342,14.685453,4.631856,14.821371,13.529283,24.339416,29.29096,7.332995,6.380986,9.369086,4.68553,28.020866,45.656333,17.051041,23.199315,19.399069,39.301788,14.942088,14.888468,20.739118,11.157146,16.642133,22.333058,3.745275,15.276713,1.168822,4.845211,3.443944,6.766345,9.312339,8.173717,0.195876,35.082785,19.264649,24.761733,17.388074,22.878938,8.574545,28.565866,20.367811,18.109735,11.383993,3.168413,12.459007,13.357348,3.311741,11.769862,9.607087,2.674716,19.275131,21.235553,10.645117,23.29827,4.249255,5.422055,3.517449,13.593837,9.031047,11.12837,-2.139507,32.682349,7.379209,8.49177,9.592087,3.48234,17.74741,0.067447,-6.015856,-7.158557,-0.61396,-4.410286,10.153104,13.751165,10.78845,29.877578,5.481224,0.961772,6.583168,6.053119,1.671978,11.950948,4.893075,12.471864,-0.897828,7.487944,-17.256857,-0.100204,1.630233,-0.846524,7.746601,4.344084,-5.519339,-3.11336,-0.969609,-5.349937,-10.253274,-16.518306,6.662093,-5.311496,-14.272667,-21.869871,0.715165,7.628163,1.443166,-3.571634,-18.468764,-6.349806
8.673921,0.431688,14.911584,11.456026,0.304656,19.914031,8.296299,10.479643,2.397039,16.821228,13.073306,-4.791044,9.395652,5.954392,23.669593,21.115823,4.837423,-2.624865,2.328852,-0.738729,25.083219,53.495171,19.419195,22.331425,22.973371,41.735553,13.659527,24.702461,4.092828,-0.30858,9.806946,14.810507,-0.110382,9.232577,2.136862,3.007735,3.768392,5.775487,11.764849,8.298816,0.205436,26.645851,22.114904,22.024813,21.371891,25.537061,5.07177,18.525624,12.539269,16.019768,11.553551,0.397261,6.558454,-0.519726,8.352281,7.394144,2.441756,-6.29589,4.810395,6.702556,-4.594596,1.164612,1.491233,2.286331,-0.605414,11.79266,1.351573,6.218644,-14.681683,17.390987,0.606494,3.528374,1.435019,-3.020479,18.330883,-8.118439,-5.168346,-12.982225,-5.243232,-1.598676,8.557566,7.435643,13.67223,15.386258,11.923035,4.584093,14.711936,12.204039,3.299999,6.921481,-9.722049,-8.790754,-6.249296,0.235317,-44.463661,-12.628967,-3.15842,-5.903763,-12.673809,-6.598604,-8.822031,-5.90359,-3.348925,-6.977775,-6.344294,-27.452282,-1.187651,-22.089537,-20.489655,-31.910688,-19.751335,-2.488797,-9.283056,-12.450892,-16.869693,-32.425928
12.578672,2.487043,13.549807,11.57032,-10.603974,12.7859,5.287164,-2.735137,-14.61596,-9.355386,12.852054,-2.746474,6.79492,2.799681,22.283738,10.97001,9.903884,-4.615412,6.120909,6.666315,18.226655,50.436665,20.795994,21.182832,18.639296,37.703222,9.274576,30.027562,-2.371773,-5.380616,4.698355,12.35064,4.832513,16.830776,7.577857,6.880683,10.368625,9.138493,15.803595,7.54642,10.474362,22.940514,27.673398,26.008738,30.193811,34.46509,6.667705,12.632603,13.852035,20.722134,13.915926,6.190893,3.344747,-6.80009,13.996504,5.823305,3.929042,-7.725372,1.841899,2.077237,-7.196159,-6.26711,5.169382,8.056348,4.073246,15.247964,2.362924,10.185446,-9.917884,4.607096,-2.56083,1.357392,3.529301,-0.462389,28.526295,-9.270442,10.200496,-2.866962,-1.982454,7.357898,12.518995,4.836172,17.751377,5.832347,20.311653,13.39323,18.469897,18.022,5.65901,3.258262,-19.648581,-26.507921,-9.381542,-7.473338,-58.168717,-28.965743,0.741322,-8.134901,-19.288544,-9.97191,-8.674741,-7.218784,-3.996228,-6.497599,-0.020773,-54.037315,-10.122595,-39.139105,-51.419268,-32.472269,-35.711805,-6.15555,-13.84063,-16.342614,-6.324447,-88.241721
21.762312,12.937686,15.808236,17.313187,-11.982664,9.280705,6.916388,-1.621405,-19.961651,-18.499619,16.497837,9.45428,9.781689,6.094241,22.88496,5.848897,21.747392,3.058103,18.335394,23.261081,14.001883,46.463228,22.22129,22.478964,12.045511,31.934911,6.494063,30.641506,6.80855,-1.109277,3.775274,16.49783,16.851171,35.089297,15.965067,16.310286,20.720753,14.848065,22.622262,6.240976,24.417128,26.125364,33.801901,35.430428,37.780656,45.557867,11.620371,13.960037,22.301579,29.025784,17.796032,15.640778,5.903883,-3.834563,18.2071,7.839867,16.253081,-0.343313,14.800615,12.32727,6.324839,5.750183,15.060578,23.023893,13.522485,22.513685,12.72181,22.359017,9.994712,3.621027,-0.103649,2.778268,16.296304,10.177016,44.744383,-3.845253,33.126288,18.310292,8.648711,18.882259,21.030846,8.784665,21.276252,6.876264,26.363203,22.64317,16.661122,21.033719,7.843098,3.573492,-20.618425,-33.23638,-9.700766,-11.730251,-53.803874,-39.959419,9.842623,-6.054997,-9.965516,-3.073695,-5.454318,-6.684629,-2.005864,-4.102333,6.384,-80.806771,-14.435126,-44.932378,-89.942724,-24.862646,-42.557751,-1.204632,-10.008542,-14.269526,8.387122,-141.181964
31.810838,23.712816,19.339153,24.70875,-4.366105,12.583239,11.325448,10.084416,-12.803215,-7.809427,22.896314,22.755792,16.087603,12.367644,25.151365,7.972762,33.352446,15.482759,30.399444,37.440209,15.569625,49.484288,23.686055,25.617933,9.698873,28.278966,8.494161,28.912585,24.980508,8.088612,5.482756,22.729469,28.506585,51.644511,23.208192,26.873621,28.350769,18.253793,30.323609,4.514154,31.300609,30.912916,35.457634,42.234872,35.571796,50.236241,14.770648,18.704417,28.048295,32.564108,19.920161,19.846291,12.176867,2.400439,18.972313,10.774778,33.730277,11.088033,36.207668,30.51896,27.636059,27.046844,25.505103,40.485079,19.867162,28.901728,25.920451,34.826879,33.330392,13.897281,5.698272,5.239697,31.410427,21.304153,56.549285,2.534823,50.196566,37.727781,20.115062,27.254643,28.59402,16.358877,21.804573,15.30067,26.220143,26.171288,10.723631,20.291635,8.814581,6.725031,-14.404951,-28.774531,-8.619631,-11.789175,-35.983654,-38.769397,15.987887,-0.148101,5.354645,9.52244,-1.217232,-5.413144,1.790777,-1.065545,10.808355,-88.658479,-11.18306,-33.768205,-111.212021,-15.170562,-41.36683,7.250055,-2.452957,-8.135631,21.776672,-155.367269
36.016869,25.700514,19.442035,27.3705,5.380864,20.224714,14.114809,21.045239,-0.907766,11.005294,27.641222,26.683454,19.976981,15.435083,26.0402,13.958212,36.118721,23.824173,33.468101,37.337331,21.252936,59.575322,24.179594,27.439076,14.75181,27.992525,14.876331,28.221285,38.036309,14.084793,5.838182,24.210932,31.713401,53.66548,25.316291,33.421477,27.051694,15.543701,34.320959,2.465552,24.346179,29.046918,28.807018,38.34523,20.417814,42.825195,11.955849,20.709218,22.025215,24.925313,17.220027,13.14849,16.539277,3.740413,15.552817,11.148793,45.989858,19.031588,51.616884,43.266275,41.804782,40.005104,29.247679,50.676273,17.017816,30.134336,33.037912,38.695076,46.951218,26.36822,9.924846,5.361841,37.49005,23.863372,53.536998,2.998179,49.866756,42.797845,24.263246,28.194147,29.245108,21.438511,17.792249,21.932118,18.990047,20.706709,3.733514,16.769304,7.816856,8.954905,-6.886093,-18.900087,-8.290944,-10.13629,-14.688955,-25.169053,12.862648,7.525141,12.498618,19.173848,1.482146,-5.37482,5.10267,0.831789,12.083447,-67.19523,-2.350531,-10.044487,-98.827842,-10.114796,-36.219195,11.024383,0.991369,-0.908973,30.227794,-113.952583
29.68409,15.253078,12.851529,21.393644,9.097429,26.145782,11.612128,20.991073,5.406291,20.701173,25.836822,16.569857,16.362837,11.149028,22.125615,17.661401,26.052145,21.815042,24.191668,19.035505,26.310805,69.088672,22.441435,24.94488,25.022655,29.756077,22.048281,30.564995,34.216832,11.184886,1.751801,17.114453,23.275417,37.038693,21.271207,34.085797,15.440947,6.931463,30.307845,0.427657,6.284796,16.151199,14.953877,22.767201,-1.08614,26.064061,3.663819,17.325985,4.085764,7.487101,9.744303,-1.941368,14.203186,-3.245337,9.302107,7.788612,44.494761,18.042845,49.136656,40.481142,37.232092,31.940162,22.694949,46.895695,4.872351,25.281718,28.922355,31.046526,44.45616,30.551489,8.455454,1.910239,28.050196,13.696717,32.725509,-5.764792,29.986058,29.312794,17.096616,21.468462,20.983923,19.425676,9.735447,18.525154,7.545948,8.521777,-1.291079,12.54753,4.752579,7.081225,-3.520173,-10.443412,-9.760964,-10.008889,1.499871,-5.536138,1.265427,14.440947,3.805018,19.235358,1.120679,-7.937358,5.542515,0.292968,10.161014,-21.477777,6.306786,14.439168,-55.057817,-12.220606,-30.010553,5.606866,-4.436938,5.327451,32.767518,-29.311239
13.455597,-3.262839,0.592631,8.417411,2.982732,25.079109,3.52859,7.817725,0.64213,10.819653,15.555581,-3.310864,4.539712,0.567404,12.226826,14.438991,7.005854,10.248847,6.612233,-10.398392,26.326285,68.280916,17.862943,17.831574,34.397143,30.913877,25.574774,34.921637,12.231778,0.164692,-6.389544,3.619084,7.031419,9.211137,13.88809,31.425693,-1.52203,-3.021971,17.692673,-1.027102,-12.052912,-4.362529,0.020552,3.051025,-16.048562,9.89441,-5.092596,11.527316,-16.021391,-10.871742,1.159806,-16.140521,5.031528,-14.324102,3.215508,2.740133,28.078404,7.994783,27.028876,22.226367,13.511063,3.699016,8.6967,29.715901,-10.738961,16.906453,15.436676,17.192472,29.022778,21.973691,0.782957,-3.184723,6.074418,-5.367833,1.255524,-21.06238,-0.581267,4.040518,1.814288,10.775658,7.30746,10.551037,0.054027,3.639778,-3.058877,-3.62941,-2.803773,9.403638,0.317507,1.169469,-5.626294,-6.567007,-11.973059,-12.471312,10.053974,11.357519,-11.177253,18.656421,-16.299925,9.550452,-1.940189,-12.656532,2.174711,-2.712279,5.997219,31.155857,9.018415,28.454924,1.542865,-17.814376,-22.441633,-5.925549,-16.564728,9.958099,30.062047,65.060942
-6.583648,-20.446274,-12.2725,-5.325962,-9.997522,16.095296,-6.804517,-11.641076,-12.381255,-15.265617,-0.413557,-22.666803,-11.048171,-10.737416,-1.484339,3.972171,-11.464691,-3.740772,-10.708022,-37.077476,19.941101,52.415954,11.01503,8.955567,36.673848,29.008422,22.890716,37.640968,-17.743953,-12.590078,-14.726649,-9.419511,-8.71326,-16.020417,7.846691,29.721116,-15.395673,-8.466287,0.80055,-1.464817,-19.324943,-23.357111,-8.868191,-10.326821,-14.534725,4.053765,-8.638767,8.626266,-25.799643,-20.109327,-3.738857,-20.216751,-6.156476,-20.882361,0.20623,-0.727665,3.811085,-6.216565,-5.381228,-1.880537,-18.083819,-31.128033,-5.210513,6.601465,-22.02099,8.704758,-0.175593,6.605868,9.888583,4.719046,-9.659467,-6.469038,-17.867239,-23.825852,-27.513587,-35.694615,-27.349938,-19.879432,-13.042055,1.179728,-5.214909,-0.502181,-8.210944,-16.433072,-8.571044,-8.74484,-1.156487,7.77992,-4.231788,-5.409275,-10.034802,-5.554467,-12.45639,-15.44427,13.860243,19.777448,-15.85268,19.229529,-34.902676,-3.789922,-5.86482,-17.32256,-3.830984,-6.913949,1.141863,71.546523,3.806497,28.934336,48.593351,-19.439037,-11.707802,-14.989604,-27.814353,12.924054,22.91553,134.595918
-22.113371,-27.945513,-19.816838,-13.106484,-22.325274,3.039029,-14.611032,-26.947068,-25.041808,-43.018682,-15.765076,-31.864913,-23.436191,-16.587005,-14.523978,-9.850357,-20.190482,-11.868804,-20.026687,-48.679909,9.518526,25.505665,3.592622,2.497508,29.485231,22.959421,14.760722,34.86558,-40.564643,-19.856379,-18.451567,-14.941812,-16.459871,-27.580183,6.24432,30.661165,-19.652463,-6.571524,-13.314578,-1.063865,-11.873013,-32.390364,-8.755049,-12.191496,2.387792,10.257688,-5.120079,10.721679,-19.642148,-16.422151,-2.594839,-11.992675,-12.96729,-16.689626,1.175139,-1.171224,-17.312738,-17.875543,-33.469786,-19.538609,-41.625441,-55.203472,-11.789862,-12.587188,-24.038891,2.858955,-10.158858,5.888008,-4.125619,-12.038114,-17.709103,-5.783236,-32.365033,-32.496174,-41.823054,-42.233658,-38.940759,-31.394003,-19.01884,-3.904435,-11.408091,-8.05863,-12.982265,-31.945828,-7.926557,-4.11821,2.038582,6.796292,-7.59138,-8.514987,-12.011062,-3.460928,-9.240825,-15.441368,16.534763,19.950423,-10.057036,16.068022,-40.327864,-12.982749,-8.694954,-19.349428,-9.890958,-10.490719,-2.884572,88.987889,-6.230022,22.605011,72.94112,-11.15063,1.965663,-14.02726,-30.863763,13.57076,11.678648,161.769874
-27.033131,-23.24657,-18.99509,-11.842395,-26.884087,-8.068426,-16.587234,-30.984795,-29.182875,-56.612943,-24.100886,-27.633207,-27.27311,-14.347873,-22.441433,-21.399103,-16.167848,-10.367801,-18.598364,-41.355793,-0.222306,-1.710708,-2.127567,1.286718,15.955587,13.703639,4.815002,25.529689,-45.428707,-18.480769,-15.003368,-9.997949,-13.790843,-23.398571,8.271933,31.18177,-13.829219,0.197145,-19.072538,-0.683827,3.662014,-29.511269,-3.046925,-6.658009,22.491703,20.521281,2.088567,14.056824,-3.214598,-4.773413,2.775647,1.99797,-11.857328,-2.70314,4.326196,-0.257705,-26.918405,-22.187203,-45.494328,-23.423638,-46.183281,-58.022145,-8.690321,-21.098829,-17.052678,-0.716308,-10.672274,14.330571,-9.213387,-20.259811,-19.561811,-1.876156,-31.9271,-28.006042,-37.985812,-37.178701,-33.30979,-27.981111,-13.013827,-4.087999,-10.640995,-9.222541,-13.953122,-35.846161,-3.463461,6.979576,5.09618,5.21449,-8.933884,-6.3147,-8.941277,1.980419,-2.534164,-10.54144,18.22945,16.64533,0.631504,9.691463,-30.361862,-13.784187,-9.617565,-17.536088,-13.533801,-12.087482,-5.208365,84.685575,-14.935322,20.384678,75.199255,6.956157,14.540948,-2.409122,-23.935398,10.676404,-3.018909,150.970829
-20.448561,-10.13382,-11.302787,-3.428287,-21.124363,-12.589115,-12.56879,-23.472939,-22.433028,-48.814331,-22.419782,-14.110015,-21.708427,-6.326173,-22.922078,-26.230046,-4.086045,-2.035529,-9.304223,-20.850218,-4.547889,-18.088945,-4.093448,5.242455,3.1391,4.249336,-2.362737,12.859737,-31.827701,-10.872589,-5.719409,2.966847,-3.988801,-9.898756,9.889564,25.644901,-3.470456,5.769852,-15.650835,-1.281874,15.341529,-19.996232,1.236807,-3.310981,31.004136,23.535931,7.276172,12.044252,11.052885,5.533186,7.979815,11.637752,-4.256233,13.860093,6.419442,-0.990178,-23.748057,-18.267288,-38.049502,-14.330274,-31.760098,-41.069837,0.547074,-18.375667,-5.174122,-2.901443,-2.959619,25.390142,-6.729825,-17.33349,-14.674439,2.477565,-19.30849,-14.154611,-21.468648,-22.412859,-17.626593,-15.917939,1.076021,-1.15128,-6.461705,-5.262,-12.179184,-27.555581,1.089459,17.658852,7.239279,2.592055,-8.157253,-0.485205,-1.920819,9.497228,5.198908,-2.121915,15.880362,14.741105,6.684054,1.277794,-12.771724,-7.670247,-9.200947,-12.879223,-13.690118,-11.417959,-5.8856,67.313922,-16.926831,28.638569,63.898492,28.173892,20.315754,12.911469,-11.588085,3.87976,-19.071732,119.165363
-6.623754,4.785441,-1.365853,7.291431,-7.879948,-9.436125,-5.073144,-9.313066,-8.985255,-24.388859,-12.554474,0.889927,-10.368351,2.38088,-16.528516,-22.795176,7.210031,6.495953,1.996209,2.186391,-0.850277,-18.574237,-1.326816,11.887543,-1.856853,-1.071424,-3.475737,3.0649,-8.716483,-2.412244,5.06017,18.272767,6.855475,3.940986,7.120048,11.015221,4.051444,5.080975,-7.063078,-3.001312,14.789856,-11.618036,-0.787573,-8.462914,21.917597,14.433813,7.273282,1.721137,13.88248,8.676916,9.752156,11.224016,5.033412,25.283156,5.203434,-4.340989,-13.449844,-8.680809,-16.259977,1.438171,-8.129211,-15.036169,9.462713,-9.251734,7.03679,-3.380363,8.765149,32.543935,-0.104429,-5.977581,-5.487935,5.011793,-2.490765,1.338642,-2.487974,-3.436482,-2.508912,-4.779029,15.124032,2.861562,-3.306639,0.029256,-8.939514,-12.250866,3.321098,22.10919,8.823292,-0.248554,-5.758176,5.305089,5.736717,15.792674,10.920614,6.095152,7.743986,15.258328,2.497426,-7.15129,1.849582,0.319087,-8.485083,-7.797916,-10.932105,-9.112122,-5.629773,45.40965,-10.6303,43.891218,45.671155,43.018956,16.693691,22.522876,-0.561639,-4.795842,-32.625017,81.556505
7.65909,16.362609,6.228036,15.940518,7.111843,-0.865237,2.572928,5.853645,4.15692,4.356391,0.153756,11.203755,1.162867,7.681929,-6.021163,-12.489994,10.579191,9.818815,10.080965,18.831343,10.150601,-6.87103,5.426182,18.262534,4.118266,1.64294,1.97103,1.696124,11.741919,2.761559,12.624323,30.562244,13.742747,12.744274,-0.520773,-9.048675,4.737163,-1.812095,0.886231,-4.677548,3.190042,-8.361913,-7.667519,-18.77462,3.28996,0.011576,4.246518,-11.965667,6.538931,7.098795,8.707018,4.026945,11.630021,29.139641,1.236578,-7.407038,-4.278819,2.471585,10.103142,17.242143,11.863346,7.785011,13.13488,-0.439286,17.147947,-0.310139,20.375968,34.472089,8.08134,8.956047,4.41158,5.916745,10.822547,11.968032,10.31592,13.982795,4.910037,-0.580413,21.800884,6.804495,-3.065004,3.326703,-4.851501,3.126692,3.560151,19.279838,10.747398,-1.795209,-2.4833,8.288647,11.526687,18.840767,13.233826,10.916396,-2.11939,14.899513,-8.430019,-12.940659,8.80335,5.875263,-7.760684,-4.343487,-6.690404,-6.049228,-5.117418,22.98392,1.312712,55.165248,20.606882,44.931245,7.617741,21.482064,5.772064,-11.063,-39.454508,43.81527
16.465159,22.824263,9.424503,20.725564,18.74739,9.331753,7.986091,18.843395,12.206566,25.827916,9.902006,15.348739,8.422651,8.950336,4.977342,1.305063,4.641998,7.187551,12.539513,25.846455,24.429082,7.101109,13.56027,22.610892,18.329425,13.472685,11.429296,9.836895,21.215347,4.17187,14.383336,37.072743,14.9257,16.477774,-9.211197,-24.906311,0.365495,-9.36381,4.424885,-4.350051,-10.10296,-7.687121,-12.553158,-23.064561,-8.116536,-5.530721,3.902358,-18.386301,-0.396165,9.094114,8.714369,-0.369675,14.41919,29.348648,-2.4046,-5.187327,-1.904796,11.355172,31.329184,29.365015,19.612238,20.103764,10.808146,3.100725,24.824394,7.693265,29.33649,35.174713,16.417958,23.448118,12.164969,7.475913,17.082558,15.743287,13.782905,26.355106,4.28766,-2.549438,18.50017,10.043037,-4.187389,3.703828,0.069628,13.885703,4.029348,12.976882,13.491363,-1.053566,0.963012,8.469335,15.635459,19.902602,13.398983,12.105976,-4.320112,9.444531,-15.496244,-13.753659,12.364616,8.240559,-6.154575,-2.765886,-2.216364,-2.77066,-4.3675,1.17024,14.138028,52.445063,-13.098196,34.11926,2.252071,12.694305,9.709775,-10.689575,-37.370807,5.738031
16.921037,24.563221,8.917533,22.001181,24.669127,17.658911,10.272364,28.680199,15.099466,35.190986,13.233474,15.555883,9.798909,8.421712,13.143983,14.330087,-6.430856,2.001982,9.672852,24.97455,35.946803,13.129092,19.288035,24.614278,33.366954,30.889318,20.33256,22.679334,18.634669,4.032647,10.712044,37.437104,11.374929,17.320092,-13.491356,-26.733345,-3.567373,-10.496749,3.642765,-0.645913,-15.134296,-3.525364,-8.913313,-11.658846,0.46659,8.024905,10.31497,-9.151397,3.849083,20.875068,13.185737,5.891759,15.287534,31.684892,-2.501234,4.941155,-6.696926,15.257074,40.709958,36.40179,14.139767,21.288661,5.126234,-0.135609,29.826659,18.852359,34.048073,38.962612,22.904594,34.785929,16.382837,11.666598,16.965407,14.747668,9.761866,32.854112,0.088765,-5.393554,7.979252,11.340844,-3.809796,2.281812,5.558683,18.981045,6.472569,8.469607,16.435661,1.502802,3.978516,7.996115,20.111074,22.36979,14.281623,12.345511,9.428337,-1.647211,-9.158125,-8.918407,20.753063,9.484538,-2.479421,-1.542855,1.882011,0.583461,-2.722305,-16.896934,23.791995,35.008101,-49.765546,17.229626,9.059193,4.217225,16.353154,-2.628439,-27.999974,-28.957171
9.534435,21.738005,6.446699,20.312524,25.055476,21.760551,9.464587,34.155995,16.028337,34.734134,10.066697,14.325437,6.293497,8.340446,16.133611,22.395616,-16.619365,-1.737924,3.081329,19.304132,39.008936,6.350688,19.130085,24.309959,40.871884,46.139349,23.977907,31.724639,8.742735,4.222087,3.999823,32.031809,4.794942,15.356727,-10.568508,-11.666307,-2.650255,-2.140145,1.248393,5.876904,-9.118202,7.489326,3.286908,13.842855,27.012432,36.851083,21.521259,14.09758,20.360712,39.485061,21.223376,21.724186,16.27767,37.60255,1.547521,19.579502,-14.758589,12.780071,35.336975,36.639585,0.38265,14.463718,-0.83737,-8.695347,30.34644,27.442262,32.580807,44.737045,23.777454,40.17506,16.76318,17.811082,12.716481,12.047981,1.767935,34.020233,-3.320637,-4.682194,-4.054388,8.616013,-0.870148,0.396456,10.315825,19.584064,10.158683,8.25285,17.949256,3.972787,5.958546,8.682575,26.151352,28.335458,17.953086,14.720556,38.33394,-13.153975,10.781222,-0.217743,37.291389,11.310897,3.305157,1.167416,5.325075,3.880276,0.463181,-23.719785,28.5718,13.162559,-71.838654,3.357536,29.282696,2.726141,28.006701,9.492111,-16.446901,-47.28146
-2.862872,13.349346,2.987474,15.101655,21.108826,20.426824,5.812164,32.425058,17.751646,29.672259,2.735186,11.724659,0.125131,8.431629,12.962243,22.405298,-22.140704,-2.82404,-5.488056,10.292857,30.966912,-10.526103,11.690268,20.96195,35.825684,50.466378,19.585231,29.559413,-2.137792,4.13264,-3.004562,20.941228,-3.734746,7.495268,-2.966345,12.93684,2.685607,11.791234,-0.39811,12.518806,1.69065,21.796616,16.028072,38.658011,54.201854,62.685086,29.724291,38.537571,37.981981,52.722166,26.996028,36.550154,16.863416,41.770968,6.760795,29.924954,-21.328902,4.080706,15.969646,27.001553,-15.228927,2.669227,-6.02249,-19.711094,23.56827,26.34796,22.79237,44.870381,15.041796,36.040129,13.492525,22.443151,5.721182,8.875577,-7.929826,30.40587,-5.277129,-0.80475,-12.373338,0.347156,2.550017,-1.82044,12.14464,16.779794,11.897495,10.170545,16.259182,4.1099,6.267808,9.885737,32.007723,35.870803,23.773633,19.79422,69.786443,-16.564892,33.368014,8.710787,55.366641,12.548061,9.323362,5.821942,7.602176,6.632414,4.922008,-11.104731,28.86272,1.606135,-57.126905,-0.865113,54.842985,8.321083,40.676508,19.082182,-8.667593,-32.820348
-16.527693,-1.244579,-1.565587,5.404502,13.956675,13.546383,-0.258349,20.665254,19.953171,23.519684,-5.925177,5.657261,-6.539479,5.899518,4.307224,13.56401,-23.038908,-3.35015,-14.285823,-2.191454,13.985164,-29.33532,-1.239489,13.143687,19.156758,38.952181,7.697682,14.370036,-9.765282,1.346847,-8.269667,4.690819,-13.456347,-9.210027,2.75135,32.964797,7.397285,22.441938,-1.386362,15.775304,7.424495,30.461244,18.127281,43.520234,60.379809,63.758953,26.48395,47.568193,40.657395,46.993574,23.361061,37.337272,13.886157,35.77764,8.384788,27.0517,-23.860194,-8.698461,-13.025279,5.316959,-28.310408,-12.51842,-11.382715,-30.165786,8.248258,11.743287,4.280928,30.411616,-3.969518,19.752789,7.245216,21.764874,-3.602689,4.33516,-18.553113,22.444442,-8.442285,1.567728,-14.540805,-12.317281,2.850123,-5.184368,9.13552,10.588074,8.192616,9.271248,10.614681,0.766448,4.467707,8.682925,33.544482,39.575154,28.502692,24.737687,85.493751,-5.837367,43.194878,14.278398,61.918491,9.775642,12.594771,10.922255,7.905794,8.119459,9.156423,22.237009,25.768511,8.844707,5.062449,5.802667,72.729836,14.685895,45.958151,20.721404,-7.987522,20.40719
-27.912062,-19.951327,-7.198303,-8.173581,4.782644,2.416968,-7.599664,-0.374558,19.739572,16.585695,-14.039016,-5.36956,-12.045766,-2.008189,-7.426235,-1.741661,-21.709083,-6.220205,-21.236466,-17.476649,-5.427212,-41.334172,-15.102327,0.156278,-2.710679,14.142065,-7.825069,-8.682694,-13.051699,-5.540693,-10.530857,-14.077952,-22.749121,-32.895465,0.584076,35.888676,5.885945,21.915071,-3.793342,13.508226,2.906578,25.684996,3.447827,18.494818,34.637821,30.104867,9.266538,32.110008,19.522686,17.705956,7.363984,18.283629,4.352302,15.321225,3.360931,8.485562,-22.839514,-21.475562,-44.027167,-25.914376,-37.215724,-29.49508,-17.840755,-37.453973,-12.87509,-13.350618,-19.512432,-0.988297,-28.157785,-7.229072,-0.306962,14.843054,-14.067267,-2.516691,-28.921045,11.433006,-15.265385,-2.169913,-11.248361,-24.770313,-1.870466,-9.959116,1.124498,0.894488,-1.979829,1.932227,2.02496,-5.253123,0.716271,2.367015,27.257949,34.332672,28.464309,25.3602,73.413085,17.412893,31.182841,14.983237,47.273812,0.677422,11.070953,14.06642,5.781092,7.966089,11.145464,65.546383,20.029184,30.286232,100.225413,19.463231,73.171553,14.312197,37.243881,13.875391,-12.96724,97.216907
-34.427451,-37.35928,-12.534728,-22.294312,-4.479366,-10.038245,-14.071974,-24.417239,14.597933,7.936146,-20.921334,-19.599951,-15.179912,-15.008826,-18.66977,-18.291062,-20.184737,-12.051593,-24.193125,-32.161803,-19.4459,-41.981772,-24.625355,-16.383453,-21.136134,-14.293544,-21.461569,-30.246759,-12.923859,-14.625184,-8.89451,-30.052141,-28.765476,-55.548691,-10.192346,18.4863,-3.273832,8.924323,-9.200792,6.490991,-7.929104,7.355949,-23.585316,-28.184434,-14.680133,-27.697733,-15.658668,-2.337127,-19.385539,-25.656987,-16.531547,-14.037933,-11.269504,-14.941529,-7.061827,-18.812772,-20.38358,-29.518967,-67.958735,-58.147052,-41.620697,-44.723723,-24.379278,-39.695816,-33.182357,-39.540174,-41.437494,-40.80449,-48.247719,-37.886953,-6.360295,4.889462,-22.497905,-10.463009,-35.956808,0.333984,-24.677094,-12.117615,-5.236019,-30.82073,-9.784575,-14.755247,-9.681961,-11.019065,-15.821539,-10.914152,-6.953229,-11.511519,-3.985763,-8.729589,13.384276,19.466971,22.190732,19.497672,37.199783,43.107863,1.640969,12.085456,13.720547,-12.862061,5.421837,13.803299,1.933863,6.651712,9.721438,98.873705,11.987889,50.290575,189.288616,33.592008,55.846235,4.524921,15.490302,3.344776,-18.131064,164.037779
-35.059515,-47.196153,-15.110645,-32.08275,-11.197486,-19.960948,-17.271081,-41.943925,5.107424,-1.793146,-26.313935,-32.000026,-15.239808,-28.936825,-26.018873,-30.030483,-18.625167,-18.240457,-22.100978,-40.990737,-23.212579,-33.1136,-26.540709,-32.295923,-29.63147,-34.419884,-28.711054,-42.110448,-10.764873,-21.227157,-2.885581,-37.176397,-28.798477,-67.094762,-23.765754,-11.3171,-15.653919,-9.908941,-16.472215,-1.861048,-15.202317,-15.627469,-49.616557,-73.453387,-64.366548,-83.306913,-36.5212,-38.438736,-57.939316,-64.106484,-38.26594,-44.13064,-28.21946,-43.219187,-17.6512,-41.770521,-18.188348,-29.800579,-77.807081,-80.175071,-41.191873,-53.131991,-28.209088,-36.288043,-45.270245,-55.829511,-53.855541,-73.152252,-56.240313,-62.152183,-7.979732,-2.659625,-24.921793,-16.06612,-35.685796,-6.854235,-32.039323,-23.027595,0.150314,-26.488913,-16.358803,-17.117135,-19.514891,-22.165693,-27.883,-23.925225,-13.358423,-15.253496,-8.020272,-20.512286,-3.555229,-0.084386,11.537108,9.015425,-4.364305,57.384109,-29.816063,8.275287,-24.282352,-24.940648,-0.945879,10.793339,-1.683976,5.373906,5.605079,103.71166,2.226598,52.16765,226.601061,41.89691,29.630653,-10.463608,-10.197345,-4.163085,-17.315315,186.074367
-30.740935,-46.347065,-13.285071,-34.169273,-13.369212,-24.325678,-16.032654,-45.911191,-4.992338,-9.696601,-29.529202,-37.12197,-12.480833,-37.9447,-27.796561,-32.976838,-15.994834,-20.979067,-16.193621,-40.216838,-17.854986,-21.606383,-21.394309,-42.507707,-26.974843,-38.897934,-28.421624,-41.792318,-7.791986,-21.145271,6.818714,-32.277641,-22.512062,-62.335784,-31.215893,-39.753959,-23.765906,-24.201152,-21.875022,-7.560824,-11.422137,-30.702644,-60.5382,-93.51306,-90.872953,-110.513968,-43.524729,-58.155835,-77.598276,-80.695935,-48.200349,-57.413941,-40.124229,-58.233647,-22.464584,-49.06989,-16.492125,-23.014507,-72.263326,-84.654736,-35.773689,-51.108299,-26.976602,-28.468393,-45.108461,-55.836793,-53.169545,-84.426849,-51.067096,-72.50143,-3.962214,-4.011974,-19.641748,-16.063631,-26.357953,-7.1699,-32.50237,-27.799162,2.149025,-13.136464,-17.753466,-15.50024,-24.878891,-29.349334,-33.070916,-30.795221,-15.297486,-14.90481,-9.860208,-27.378882,-17.482556,-16.770723,0.39082,-1.311074,-28.754422,50.230444,-46.34952,5.218027,-49.10526,-29.478964,-3.954629,7.302966,-2.900611,5.188954,1.173846,74.787819,-8.093332,29.37866,185.86993,40.17176,6.091131,-22.948769,-28.057497,-5.010154,-7.681276,148.430378
-24.059863,-37.248645,-8.210178,-29.239931,-11.296952,-22.814133,-11.560675,-36.823307,-11.480777,-12.713858,-29.303483,-32.696556,-8.43706,-38.223138,-24.865432,-27.315115,-11.854543,-18.437829,-9.870066,-30.7023,-10.063523,-15.478034,-13.205656,-43.706955,-17.398136,-29.515,-23.327335,-33.522635,-5.258983,-14.062053,17.688059,-17.776125,-13.028202,-45.306152,-26.472681,-55.955942,-22.330925,-26.588644,-21.664805,-8.590829,1.748932,-30.004919,-50.740686,-79.223269,-85.010963,-99.719189,-35.243059,-54.582322,-71.6136,-71.098424,-43.247189,-49.536075,-43.284618,-57.051991,-18.864867,-38.301371,-14.52884,-13.568112,-56.81944,-73.033522,-26.559723,-39.598632,-21.025219,-19.115961,-34.302815,-41.370289,-42.373804,-72.440083,-39.89488,-68.724501,3.767461,0.099389,-9.533084,-10.255275,-11.032381,-0.823014,-24.970223,-22.595953,-0.493496,2.634264,-13.877358,-10.927818,-24.263621,-31.245262,-29.508779,-28.472833,-12.896199,-10.846705,-8.877958,-25.961131,-24.819413,-25.51231,-8.045497,-7.292217,-24.626046,21.49497,-40.929856,1.898696,-51.777268,-24.893282,-1.707271,5.393208,-0.887062,6.026756,-1.08441,24.510739,-17.702106,-9.812288,77.632664,27.049706,-8.408386,-27.662042,-31.396126,-1.448525,8.096813,66.469921
-18.047099,-26.408363,-3.863308,-21.818862,-7.960926,-18.277272,-7.026051,-22.921772,-12.853795,-10.529445,-24.493844,-21.125727,-5.416952,-30.450657,-19.966934,-17.170824,-7.305571,-12.33711,-6.756473,-17.89363,-8.042554,-19.558939,-7.000944,-36.182928,-7.806892,-16.098992,-18.274654,-25.056655,-4.439203,-4.175126,25.725034,-1.043937,-5.492176,-27.121639,-10.671554,-58.089318,-12.09919,-17.415501,-15.118633,-6.143346,14.053736,-15.647528,-26.925874,-41.968361,-56.799195,-63.6526,-19.309082,-36.050829,-48.923957,-45.771191,-28.726404,-28.609318,-39.168577,-46.946055,-9.389311,-17.356177,-11.655632,-7.031758,-40.795111,-54.756587,-16.50046,-24.246724,-13.545287,-11.359342,-18.77351,-20.940837,-29.379086,-48.241471,-33.366508,-57.917988,10.623233,4.866121,-1.055456,-2.286767,3.088755,8.346453,-13.284422,-9.632102,-6.827349,12.743539,-8.525848,-6.678839,-18.651058,-29.145071,-19.377939,-19.076788,-8.141209,-5.040442,-5.704627,-17.560938,-26.710677,-26.997865,-13.281222,-8.463623,0.25732,-18.455387,-20.475646,-4.697107,-37.768012,-15.726179,3.955869,5.2516,2.950235,6.440598,-0.41327,-23.909302,-26.043899,-47.482725,-54.020573,4.280954,-16.080694,-25.374872,-22.812421,0.019047,22.932427,-22.772824
-14.474364,-19.784594,-4.534038,-17.070047,-7.252059,-15.017719,-5.556893,-14.666049,-11.353963,-6.422354,-15.070588,-7.692981,-5.109376,-19.113365,-15.827879,-7.972345,-4.110542,-6.540966,-8.043283,-8.246075,-16.145772,-32.940039,-5.656682,-23.534853,-3.68644,-10.069951,-17.077178,-22.456015,-5.795652,2.746774,27.278002,9.752568,-3.741368,-18.332093,8.256265,-52.840398,0.66505,-4.068451,-5.479433,-3.619945,14.570076,2.021425,-3.672518,-5.718024,-27.476783,-28.310336,-6.865409,-19.546272,-27.026598,-22.25539,-14.525724,-8.979238,-32.963841,-39.51691,-0.029645,1.042264,-7.988271,-6.465402,-31.603437,-40.777776,-8.874909,-11.825797,-8.237337,-6.648322,-4.779612,-4.237243,-21.88168,-28.83296,-37.706134,-49.13149,11.891479,5.021324,-0.013332,2.662917,8.871384,14.775683,-3.482152,4.448359,-13.625378,12.739014,-6.333845,-5.941363,-10.582985,-25.531038,-7.287029,-8.191439,-3.683244,0.198572,-1.83147,-7.33776,-27.556666,-26.560489,-17.270702,-8.283201,24.224174,-53.890402,-0.232578,-16.740044,-22.209551,-9.51125,8.514917,5.065361,5.639911,4.502748,1.497272,-50.687641,-33.473418,-67.425609,-154.728873,-23.186456,-24.164541,-21.359409,-11.733147,-6.23934,29.207859,-83.226703
-12.728461,-18.427882,-11.332437,-16.880835,-11.025817,-15.77144,-7.90032,-17.16504,-10.925446,-4.996838,-2.64561,3.085193,-7.186197,-9.234006,-13.257455,-3.044059,-2.86867,-3.878683,-11.144842,-4.659448,-31.696105,-49.423877,-8.081841,-10.449195,-6.108466,-16.647324,-19.97491,-26.268215,-7.994894,3.741969,21.358917,10.745212,-7.452558,-21.285299,20.613737,-49.060607,8.684679,4.484262,2.160985,-4.026798,1.029962,11.94433,6.247936,9.205679,-14.709945,-15.363253,-4.784265,-18.214245,-19.210766,-13.216164,-8.255843,-1.226882,-29.17062,-41.348572,3.936799,7.888723,-4.089607,-10.190622,-29.955702,-35.924515,-4.860013,-5.464602,-6.350319,-3.757322,4.813728,3.646231,-22.253905,-25.623051,-49.453081,-46.381385,5.896368,-1.04855,-7.004762,1.72451,4.285403,14.427864,0.777398,13.248023,-16.520195,4.678637,-8.898966,-9.175938,-2.540304,-21.607426,2.594393,-0.915626,-1.320121,3.483475,1.338218,-0.715672,-30.888906,-29.389886,-22.063788,-11.063863,26.905889,-71.650832,7.376642,-32.561998,-18.053085,-10.935267,7.908451,2.6353,4.641108,-0.633877,1.655673,-51.500632,-40.351374,-64.932823,-189.217135,-47.855544,-37.428819,-20.196594,-7.126624,-20.107619,23.226737,-101.337034
-10.216129,-17.861002,-20.445383,-18.321242,-17.211063,-19.517683,-11.541928,-26.193607,-13.728496,-8.497036,9.881433,10.096752,-9.134156,-3.030752,-10.646552,-1.759845,-2.120784,-3.936513,-11.078228,-4.522697,-46.312367,-60.679381,-10.024792,-0.134237,-11.580502,-31.009129,-23.456759,-31.555551,-8.083951,0.990887,10.791587,4.77018,-12.094736,-28.384693,21.155395,-50.527035,8.830634,4.001432,4.565619,-7.599128,-16.99954,10.128818,0.103025,-0.721431,-21.47413,-28.18949,-11.253447,-32.025099,-25.543494,-18.722036,-10.296722,-5.611985,-27.719671,-48.403881,1.602413,3.530895,-0.240839,-12.836574,-29.543159,-35.855327,-2.24829,-2.526355,-5.673497,0.203696,11.353015,4.372797,-26.153144,-36.758088,-57.139983,-45.432457,-4.42528,-9.878948,-16.256305,-3.27398,-5.568925,7.282635,0.946769,14.74417,-12.3306,-4.391945,-13.225533,-13.40024,4.211474,-16.018292,8.65299,1.368987,-1.094869,4.93141,3.352694,0.382351,-35.844247,-35.779727,-27.309043,-17.971138,3.901087,-67.290439,1.256116,-46.017968,-26.151322,-17.76943,1.600448,-2.498285,-0.185741,-7.637492,-1.871678,-38.93185,-45.683141,-48.470663,-158.630025,-61.781558,-52.834566,-21.452133,-10.942134,-34.872256,7.641854,-91.760136
-4.277927,-11.907282,-24.905791,-15.931151,-20.744601,-21.949024,-12.184655,-31.098752,-18.079318,-14.78498,19.386716,15.271137,-7.811426,0.968351,-5.391277,-0.586723,0.53202,-3.74064,-3.998831,-2.073713,-51.11377,-60.448107,-7.106555,6.804629,-14.736516,-41.327349,-22.714002,-31.632424,-3.382264,0.08707,1.02667,-0.872011,-12.031954,-27.853624,12.187361,-53.206856,4.137341,-2.346782,2.795824,-11.403361,-24.221531,1.988291,-13.635324,-21.182052,-35.961665,-50.96561,-17.785369,-48.265226,-33.977439,-27.914029,-14.252003,-13.344662,-23.886848,-48.782534,-3.075133,-3.48854,3.839605,-9.187435,-21.776978,-31.03319,3.153348,2.882881,-2.535825,7.217678,17.886401,3.725251,-25.947375,-48.842898,-49.261503,-37.185129,-12.927885,-15.402561,-19.268507,-6.91353,-11.399688,-2.629013,2.21029,11.886643,-1.425783,-7.427048,-13.887517,-14.213818,9.612825,-6.149543,11.895066,1.212347,-1.562826,5.75965,4.863249,-1.332429,-37.21111,-40.249859,-29.785864,-25.337624,-29.678646,-46.158837,-8.564669,-49.288061,-34.909631,-22.002984,-6.696851,-8.161562,-6.156105,-13.329666,-8.086407,-32.239145,-46.643274,-32.559806,-95.599251,-59.919385,-60.835101,-19.995825,-17.228187,-41.350299,-9.589087,-83.424162
5.594515,1.860103,-19.105354,-6.32489,-17.064118,-18.594906,-6.771586,-22.817203,-19.589262,-18.833267,23.707215,20.714198,-1.85948,5.799814,3.651828,3.718369,6.10854,-0.753025,9.489956,6.615287,-42.44762,-47.629661,1.853346,11.418345,-12.107218,-36.981025,-15.168686,-22.914851,6.006901,5.4118,-2.980769,0.044981,-4.672018,-12.884398,1.455159,-48.894969,1.231437,-6.708876,1.39502,-11.305113,-11.007798,-2.339179,-21.750339,-31.316601,-41.695602,-60.937174,-15.96067,-51.26358,-30.315474,-28.2311,-12.356516,-14.180484,-12.365476,-32.133184,-4.316758,-3.334373,8.518108,1.835446,-2.449792,-14.756943,14.096046,14.535284,4.703446,16.15047,25.476345,6.413966,-16.516865,-46.847278,-23.014384,-15.438422,-14.020394,-13.549526,-10.988897,-4.171759,-5.976071,-9.715068,9.000683,9.565899,11.646451,-2.316491,-7.344871,-9.167853,13.877896,8.788166,14.205451,2.356927,-1.026692,7.24195,6.916835,-0.879984,-29.330282,-35.502716,-25.623911,-26.910016,-49.649895,-19.326575,-9.355022,-37.71502,-29.867006,-15.737288,-11.34499,-10.766445,-9.394495,-14.459903,-13.222449,-42.669169,-39.850084,-27.286609,-41.320484,-43.116665,-52.600994,-10.816508,-17.46055,-34.236354,-19.190803,-96.111548
16.86609,19.351804,-3.053517,8.376655,-5.792937,-8.506216,4.028782,-1.214379,-14.721555,-16.726338,22.353053,25.907807,6.79503,12.761405,14.471039,11.125011,12.82545,4.455269,23.815637,19.907881,-24.288233,-26.684209,13.466584,14.374618,-4.548313,-16.515164,-2.66351,-7.615497,16.175503,16.18644,0.073148,7.729389,7.408299,12.690593,-3.56532,-32.294715,5.142222,-2.589238,4.78169,-5.000367,18.344666,3.950563,-15.602048,-18.874632,-29.91961,-44.823503,-3.820129,-34.045235,-9.328778,-15.001663,-1.756927,-4.340171,7.531252,1.258512,1.085858,7.626411,13.537829,16.044906,24.451643,10.939574,29.011895,30.130168,13.634039,22.896424,31.381111,12.281355,0.799915,-25.104136,12.677061,16.850534,-6.401353,-5.496572,6.00154,5.618749,10.580588,-10.215462,20.966158,10.630182,20.292971,6.792188,4.964842,0.149161,16.571636,25.459832,16.31659,6.330961,1.100825,9.715431,9.878892,4.885967,-11.048594,-18.414783,-13.699122,-18.613545,-40.053769,2.788408,4.19435,-13.513236,-5.884558,2.389692,-8.65408,-7.895795,-7.508542,-9.841813,-13.122836,-64.824433,-23.847006,-31.931052,-20.186108,-18.606615,-27.681308,5.694638,-7.794937,-16.106001,-15.339053,-124.543147
25.210386,32.287881,16.755399,21.123026,8.201295,4.27866,15.744387,23.819384,-3.998069,-9.025195,16.486989,27.495486,13.693848,19.686483,22.395122,17.852513,17.106035,8.317091,31.474193,31.174952,-5.669893,-5.250853,21.415805,14.623304,3.213345,10.220444,9.289701,7.452915,21.242419,26.425817,6.832458,15.720865,18.04966,36.586259,-0.835697,-6.093659,15.361793,10.203852,13.516142,5.999156,47.100335,18.966071,3.226965,11.611459,-5.328727,-7.805362,12.743839,-3.393915,21.173192,5.614166,13.00525,11.077627,29.724411,38.773504,11.206333,24.167821,17.895039,26.723064,48.688189,36.154544,42.185762,42.198315,19.193526,23.21563,30.689277,16.630422,18.985139,8.424853,42.418442,47.896208,5.801908,2.966319,22.643568,17.86617,30.311489,-4.313311,32.682373,14.129695,19.898528,12.73612,17.295398,9.093442,16.553454,37.192897,17.081867,11.065553,3.738058,12.238331,12.798898,14.523823,12.132532,6.479455,2.438829,-2.309208,-5.122267,15.26168,25.735593,14.426403,27.534283,25.177646,0.395023,-0.357746,-1.405321,-1.369731,-6.3248,-80.351478,-1.037781,-36.887064,-28.06687,3.022303,3.99713,22.621234,7.494586,3.942715,1.326319,-141.645192
27.184616,34.099836,30.794437,24.43194,17.477073,12.863773,22.668178,38.618426,7.738597,-0.716735,8.31662,22.024712,14.625368,22.279509,22.737719,18.892708,16.492193,7.299613,27.829447,33.420052,5.057896,9.599868,20.199406,9.961981,5.587369,27.568183,14.809818,15.062761,17.241605,29.079548,11.301939,15.285381,21.742159,46.5975,5.26803,19.845189,26.030355,25.188465,23.308513,16.861208,56.931959,33.389082,24.59454,42.937681,18.338071,30.737205,24.402229,25.117928,45.95088,21.999711,23.117876,22.549822,44.349145,62.899111,20.100383,36.130061,20.553049,29.331218,60.242892,50.151155,47.250713,43.521544,17.65706,16.358868,20.287284,14.235588,30.196263,37.501586,54.39743,64.234129,15.406159,5.568412,29.393097,25.673505,42.293245,4.29179,37.498534,16.915575,11.173618,10.735315,23.652141,13.42978,12.885582,37.877305,14.547188,12.563912,4.777176,13.07155,13.771758,22.694606,30.67098,28.871495,15.8838,14.47478,32.649454,19.534826,41.903083,34.952887,52.151709,41.076985,10.575668,7.930574,5.154766,6.904224,4.36967,-71.437193,22.596359,-31.944333,-40.274426,13.129866,27.755861,30.918081,19.093645,16.182848,23.959268,-118.951092
22.483252,24.974227,32.173698,15.695592,16.810914,12.00857,21.418853,35.012713,14.382044,2.394387,0.274358,9.482209,8.601447,17.533471,13.970525,11.786811,12.105815,1.401136,14.429343,24.515206,5.184091,14.379919,8.6489,-0.859708,-0.286114,23.843068,11.31062,11.909671,5.381829,21.36435,8.731031,1.952904,17.411455,39.159359,7.702685,34.650746,30.040462,33.560447,27.650785,22.155185,40.714477,37.29444,37.105192,57.884608,28.771558,51.011182,25.128854,38.130651,53.028192,26.149415,21.879936,23.598328,44.051946,62.737975,21.802848,35.824386,21.36955,24.700311,55.767925,49.118717,41.607582,33.000098,10.080704,6.580161,2.153055,3.864107,31.041626,48.542996,48.064985,59.651494,16.594687,0.137891,22.860521,24.571369,39.636845,10.88946,32.6258,16.901428,0.25933,1.947461,22.170119,12.64048,5.970183,26.413552,7.902788,8.247846,2.516916,10.675943,11.152353,23.835434,36.802386,38.877852,20.380046,23.001152,47.154632,20.536553,42.132521,40.71771,53.947222,41.842345,15.795553,12.333424,8.078973,11.140504,13.178958,-34.560822,40.19306,-14.569876,-31.91715,9.544137,33.597308,26.128278,19.806192,16.534281,42.78754,-49.707551
14.139542,12.054434,20.792794,-0.59902,6.820379,1.930633,13.080834,15.986283,12.759995,-1.838169,-5.664324,-5.391954,-1.139464,6.53871,-0.730713,-1.09872,8.372477,-4.967774,-1.57216,9.038792,-1.507755,9.952768,-9.036287,-16.161962,-12.660112,-0.981444,1.06366,0.319819,-7.958938,7.233923,-1.1665,-20.417084,8.966384,21.604461,2.319343,33.510691,24.014742,30.099241,22.270866,19.038595,8.071121,27.369958,35.609172,50.851572,23.542991,45.964741,16.244968,33.306813,41.458953,19.336021,9.627374,15.430208,29.125986,41.355861,14.368828,23.411402,21.283835,18.233822,40.43952,38.625014,28.435285,17.261214,2.209451,0.907432,-16.668769,-10.159043,24.41055,39.271245,33.856417,39.307031,8.500122,-9.792273,8.249377,15.603247,23.872412,12.593317,21.512413,15.030469,-4.953954,-7.425898,16.39631,10.398752,-2.07285,8.336015,-1.270801,-0.67813,-3.068288,4.654427,4.831215,16.151255,29.516401,33.27751,14.373192,19.01305,26.014768,22.4305,26.241029,32.053951,33.468575,28.155427,13.131434,10.567343,5.803321,10.000755,14.862816,15.309213,47.505259,7.839539,4.056429,-2.601615,22.622188,12.094902,10.152321,8.761897,49.662307,41.959699
6.507148,4.423001,3.233567,-15.4899,-6.195305,-11.389411,2.471288,-6.326589,4.882366,-10.020236,-8.358729,-15.437835,-8.990501,-5.612598,-14.770074,-13.549557,9.814177,-5.832665,-11.678834,-4.738079,-8.268231,0.027707,-25.439541,-31.182394,-26.159801,-34.796409,-10.344129,-13.554626,-14.945071,-5.012346,-13.847346,-41.116168,2.251081,6.578463,-8.919733,20.592249,10.59086,16.527159,8.245487,8.866783,-20.576647,9.255604,23.773778,30.357335,10.631791,24.76162,4.989138,19.737659,20.862197,10.31566,-6.366376,5.446852,7.661961,13.656218,1.16429,6.475146,21.416892,15.649176,24.033509,28.893399,14.641215,6.422458,0.523646,4.334381,-27.707875,-20.531035,16.701257,19.19322,25.153941,15.944769,-4.386852,-17.545763,-4.265594,4.551805,3.836663,9.721486,11.571212,14.255157,-0.080111,-10.749581,12.415022,11.641955,-8.244625,-6.973544,-9.507618,-9.715377,-10.080641,-3.86672,-3.343312,3.046897,15.111987,17.4079,2.21672,5.653626,-21.14316,25.807702,4.275615,16.204795,5.757375,9.12751,4.722146,4.280078,0.429251,5.332228,8.192972,53.210602,44.872556,23.131035,52.817232,-14.361865,5.735964,-1.515343,-1.999531,1.12352,41.638659,112.947847
2.485716,6.52669,-11.433056,-21.243133,-14.194176,-19.807919,-4.925412,-18.794927,-3.42811,-15.466483,-7.598339,-15.643286,-10.541295,-12.917013,-21.613637,-19.180162,17.2224,1.715684,-11.228922,-10.46645,-10.448766,-11.267281,-33.958946,-40.16631,-34.893852,-60.464978,-17.503406,-23.577967,-11.35249,-8.344639,-22.751544,-48.909865,0.758051,2.96851,-19.400855,5.864647,-3.470144,0.191335,-8.422961,-3.708508,-27.539991,-6.510319,10.517694,11.51668,1.447127,4.951233,-0.993318,10.236903,3.846651,7.959533,-16.853661,1.208791,-9.530685,-3.676864,-11.365115,-5.564756,21.791526,18.492083,14.252319,26.712502,6.174119,6.964207,7.24514,15.817927,-26.026544,-21.795246,12.798508,2.133377,28.425759,1.043024,-15.166064,-18.100271,-6.640171,-2.065499,-9.988323,5.065535,8.881548,16.497048,12.562613,-5.790514,13.998703,18.375192,-10.268392,-11.894789,-13.445623,-14.073294,-15.661231,-12.607727,-10.383946,-8.983914,2.895037,1.444311,-8.472351,-8.516219,-68.752241,27.835824,-10.922473,2.525276,-10.221139,-3.955866,-3.778624,-2.027905,-3.739173,0.804558,-3.037485,59.696952,36.365334,22.988976,88.791228,-18.576696,-4.366307,-6.227938,-7.476679,0.074628,22.00865,126.762218
1.994257,15.02535,-17.022342,-16.1302,-12.445915,-18.158296,-6.239382,-15.698816,-6.528208,-12.979024,-4.020669,-6.659111,-5.407661,-12.3324,-18.373018,-15.330859,26.332848,14.725981,-2.054802,-7.722497,-8.331103,-21.036194,-32.269511,-39.468383,-35.674506,-65.912736,-18.185709,-26.86537,0.561173,-1.763362,-23.483416,-39.122036,3.353775,10.169445,-22.817423,-1.730012,-11.796207,-10.74974,-20.422811,-13.421326,-9.614674,-11.738622,3.500112,4.899354,2.22183,-0.247264,1.05391,11.755293,-2.485088,14.371247,-16.77301,4.80475,-15.653774,-2.946662,-17.748392,-7.845443,20.908681,22.938417,12.20514,30.452996,4.177072,17.060884,18.203156,28.256355,-13.231573,-13.911159,12.747565,-3.33803,38.831723,-2.468939,-18.788771,-11.551422,1.592299,-1.294932,-11.725366,1.80114,13.823565,20.349812,25.242701,3.8114,19.555317,27.487216,-7.898006,-5.228353,-11.935109,-11.93848,-17.562172,-19.068388,-13.777789,-14.447257,-0.919646,-6.218664,-11.616488,-15.084885,-91.159809,24.853229,-12.636529,-3.067634,-4.891488,-5.100286,-7.067418,-4.024939,-3.257383,-0.54735,-12.279772,32.948871,26.832319,8.676195,92.939722,-13.920197,-2.007801,-0.965495,-2.780515,5.759391,-1.459792,76.035621
2.707219,21.529958,-13.282398,-4.976261,-2.283398,-7.433181,-2.558808,-1.527617,-2.69174,-2.623139,1.070876,5.420294,2.647559,-5.603848,-7.302045,-4.563014,30.39844,25.851258,9.069027,-1.492402,-5.860829,-27.680526,-23.199863,-29.643038,-29.411413,-50.766065,-13.922759,-24.484813,13.513172,9.247215,-16.619553,-16.795309,5.654992,19.726798,-17.869555,0.153663,-12.249376,-12.205846,-23.401419,-17.074899,20.060257,-5.709031,4.534008,10.16258,10.281058,9.743647,7.743099,21.113602,0.238663,23.815188,-8.223934,11.912385,-11.555301,10.603415,-16.544724,-2.618821,16.830595,22.923302,13.093785,32.15965,4.830288,27.998409,25.460251,32.897547,3.409092,-2.082447,12.564681,1.307515,44.487993,-0.619428,-14.828067,-2.751578,13.397454,4.670187,-2.886915,1.524397,20.910485,21.705627,29.91652,11.422422,23.296878,32.475893,-3.040239,7.34117,-6.802446,-5.603739,-15.350893,-21.576861,-12.884219,-12.037746,3.20534,-3.838125,-6.391051,-11.109911,-77.521093,15.457495,-4.102622,-0.787397,15.616062,3.042936,-3.65213,-0.417373,1.982781,1.799817,-14.339728,-10.399018,19.063021,-10.020151,64.142079,-4.848922,8.251621,7.454684,7.455063,12.584081,-20.054118,-12.636696
2.31147,19.204079,-4.948954,4.700085,10.178873,6.127604,2.351855,13.379966,5.009045,10.278612,5.983942,13.006587,8.356688,2.24389,5.646888,7.156785,25.016796,28.271209,14.998469,2.23316,-6.657135,-29.966888,-12.682275,-15.142849,-20.067514,-25.580126,-8.096827,-19.650987,20.013372,16.81256,-7.31434,6.174356,3.838489,22.619532,-9.19003,6.699903,-7.56317,-5.963582,-18.064757,-14.6737,41.142397,5.259081,9.791012,18.459641,17.408203,24.274354,12.864489,28.763921,5.23517,27.943278,1.636071,15.895478,-3.896298,23.986893,-10.518366,3.486824,9.103676,15.241317,11.088379,24.961554,2.872947,30.703888,22.95739,25.299511,15.104848,6.873326,8.266586,7.41833,36.076622,-2.040585,-7.129139,2.440601,19.594031,10.503808,9.658255,3.569763,22.907261,17.004088,23.643802,12.336488,19.785311,28.031256,1.399411,17.291821,-1.743329,0.293032,-10.539536,-19.966659,-9.218862,-4.869858,9.434592,3.704368,2.655478,-0.599113,-36.482507,2.04639,5.141116,4.613613,34.588357,12.073578,3.451225,6.302807,8.646442,5.774,-8.598088,-45.818928,13.040954,-21.577046,18.066544,2.215274,16.034708,10.042259,14.40255,14.258735,-27.754045,-94.307934
0.400814,8.185367,2.019242,7.959284,18.236137,15.302201,4.805962,20.647495,11.125701,18.880201,9.040096,11.945148,8.445759,6.538088,14.220875,14.20727,11.612325,20.505354,12.642306,1.154559,-10.701618,-26.465645,-6.214066,-1.838061,-12.1388,-4.66058,-3.265898,-15.124053,17.135738,16.206314,-1.994171,18.066265,-2.193588,16.224903,-3.82794,10.348579,-2.729447,2.32344,-9.006279,-8.661822,39.662446,12.934142,13.824312,20.669077,16.973322,30.521149,12.364154,27.030485,7.11995,22.819932,5.932794,13.313801,0.433869,26.45734,-4.221429,4.918785,-0.085493,2.589579,4.276797,9.669456,-4.051054,22.473185,10.9866,8.583352,16.276629,8.902802,-0.32661,6.73405,14.469396,-10.219928,-0.895851,1.356084,15.400536,11.607519,18.525451,5.767201,16.116558,6.492659,10.468935,6.970569,8.359926,14.151024,3.183316,18.932531,-0.091007,2.011698,-5.641011,-15.573001,-5.447533,2.078679,11.5023,9.294692,9.048518,8.660146,11.03658,-10.111687,7.029169,8.0801,37.213106,14.464254,9.120618,11.673351,12.294426,8.341262,0.806068,-55.487157,7.501199,-20.243325,-23.93125,3.550138,13.491069,3.153058,12.215282,9.269039,-23.463229,-131.277091
-1.494787,-4.384097,4.126055,5.276529,18.65632,16.463983,3.400294,19.176954,11.645853,19.485725,9.08878,3.948156,3.534417,5.97907,15.115385,14.421325,-3.227673,7.477733,4.353043,-2.037218,-14.392009,-16.255584,-6.017047,6.035607,-8.367344,2.520709,0.189879,-11.772438,7.917419,8.782051,-4.313928,14.034516,-8.787403,5.583344,-5.93013,6.661047,-1.373746,7.102163,-1.479282,-2.160339,16.642045,12.834082,13.797037,14.439405,8.969963,22.883068,7.061748,16.112785,5.78767,12.023518,2.636857,6.345718,-0.73884,16.727508,-0.999243,0.989898,-6.771682,-8.02344,-4.191497,-5.031497,-13.643501,8.791526,-3.95636,-8.513734,7.09133,4.796939,-9.172181,-2.42592,-9.445948,-20.66408,0.609388,-3.973387,3.399448,6.916675,19.881711,5.899036,2.920399,-5.299904,-1.586818,0.015402,-6.002919,-3.342362,1.859041,12.715385,-2.911771,-0.981408,-2.804011,-10.554042,-3.754555,5.233324,7.440021,8.757007,8.887721,10.486638,44.808807,-15.671395,0.656432,7.797754,21.043914,8.782904,9.772197,12.281541,10.474198,7.609358,7.888271,-37.495605,2.140926,-9.093715,-47.206412,0.311567,1.076212,-8.181174,2.741538,2.413513,-11.058426,-112.524515
-1.654288,-9.820931,1.566449,1.132078,12.938407,11.357368,-0.69611,14.341543,6.454647,13.784645,6.00257,-5.085715,-2.765303,2.906104,9.250781,9.652951,-12.278297,-3.038396,-4.340129,-2.61658,-13.804559,-0.443721,-10.415902,7.653992,-8.918492,-4.097981,3.285642,-9.034014,-1.390197,0.345586,-12.949751,-1.601082,-11.596808,-1.635454,-13.578347,-2.633206,-3.773709,5.996106,1.489534,2.506087,-13.773635,6.309561,10.718697,4.7589,-0.705293,6.001492,1.258925,3.324888,4.83805,3.466037,-4.788565,0.380122,-4.214178,2.434349,-1.504603,-4.676412,-7.807065,-10.511189,-9.36846,-9.260954,-21.055256,-1.101816,-13.913615,-17.533532,-7.351919,-1.199677,-13.292868,-14.784899,-22.631736,-25.165819,-2.407347,-8.914272,-8.970848,-1.156384,14.318551,2.880864,-10.162929,-12.520179,-6.219553,-3.592862,-16.117358,-16.421793,-1.294599,4.03663,-8.57638,-6.20083,-2.849118,-6.859418,-4.633332,4.102255,0.592788,3.025464,3.233518,4.096435,55.159329,-12.22059,-8.257405,5.56457,-3.116272,-0.233317,5.616124,7.861369,4.345861,3.929907,8.773638,-4.589688,-1.611778,3.054986,-49.524982,-3.106664,-13.463915,-13.953019,-5.960947,1.081316,2.596458,-55.970331
-0.085282,-4.702943,-3.232118,-0.161012,5.325712,5.100273,-5.183052,12.336368,-1.087446,7.190673,0.91485,-9.469401,-6.671926,0.858985,0.631293,3.833128,-12.751694,-5.960492,-8.752392,1.561325,-8.338908,17.01768,-15.440248,5.252476,-12.057111,-16.844984,6.528674,-6.390075,-5.934414,-3.518042,-22.52004,-18.532729,-9.194076,-1.970091,-20.118937,-11.304052,-7.606308,0.246954,-0.075696,4.279999,-34.642551,-1.942967,7.310659,-1.561444,-5.568318,-9.927743,-1.268789,-3.367901,6.65771,2.702749,-10.683099,-0.938067,-5.169463,-7.002715,-4.356345,-8.075876,-3.365356,-4.626695,-9.150566,-0.285993,-22.957099,-1.437413,-15.223679,-15.932922,-20.203341,-4.857914,-11.018185,-23.104565,-19.51507,-19.490456,-7.193533,-10.049903,-15.128032,-9.119714,4.817386,-2.885641,-17.244021,-12.232983,-3.058418,-2.592483,-17.719824,-20.082357,-4.295054,-1.284821,-13.926111,-10.413794,-5.157266,-5.346146,-6.821871,0.54789,-3.605225,-3.828262,-3.16411,-6.110207,44.527801,-1.803235,-13.105995,4.160391,-20.083224,-6.341619,0.04277,1.116165,-2.274882,-0.640474,3.991003,25.384642,-2.013456,8.162231,-38.07479,-2.989223,-21.697952,-7.249095,-6.151969,9.056688,10.760419,5.719365
1.154505,6.253348,-7.994134,2.080452,-0.527204,2.162946,-8.399767,14.597935,-6.783288,4.725187,-4.03815,-7.549714,-6.768111,1.545632,-6.18059,0.233675,-8.053372,-2.267344,-7.907604,7.702743,-1.576008,30.514892,-17.344596,2.223602,-15.407672,-26.198534,8.802551,-4.254452,-5.22592,-1.483717,-26.891528,-26.707244,-4.25966,1.013667,-18.996867,-13.363598,-10.339978,-7.103995,-4.269215,3.063591,-37.29518,-8.35132,4.89236,-2.231351,-3.783658,-17.105861,-0.456546,-1.982157,9.045285,8.27356,-11.576333,1.086337,-1.956521,-8.065234,-7.877865,-8.526087,2.702027,3.385426,-6.22127,14.32654,-20.122747,5.679911,-10.882742,-8.370426,-26.271072,-4.791343,-5.592889,-24.013934,-6.072594,-7.899311,-10.745408,-7.609454,-13.763822,-14.935414,-5.867273,-9.904882,-16.977147,-6.656057,2.622107,-0.121546,-12.410792,-15.42339,-5.662165,-1.313675,-16.150819,-12.059747,-8.267531,-5.483379,-8.316924,-3.278467,-2.356984,-8.579638,-5.663145,-14.169752,22.058487,9.899941,-12.246012,4.234537,-21.816203,-7.139441,-3.185306,-4.39853,-5.68052,-3.939375,-2.346602,40.137672,0.681969,4.111646,-22.056699,0.644555,-21.182768,9.550581,3.165106,22.678589,9.751541,45.016277
-0.332813,13.564244,-11.813035,4.837856,-3.629875,3.370863,-10.033686,16.81775,-8.299702,7.570466,-6.529151,-2.268341,-4.42441,3.656588,-8.317857,-0.096583,-4.814579,2.280168,-4.448956,10.031698,1.541076,35.751798,-14.436353,1.091559,-16.831793,-26.44424,8.182797,-3.389039,-2.435969,3.067352,-22.706947,-21.620371,-1.337557,0.291612,-8.548318,-7.20611,-11.128887,-13.465753,-9.008428,-0.649443,-25.548974,-13.085814,2.200069,-1.150455,0.898822,-15.062918,0.243068,2.109873,6.706303,12.882738,-8.289535,1.465034,2.150822,-5.288071,-11.246881,-8.973832,5.265094,5.231029,-5.553053,21.74693,-16.358618,12.090077,-7.693868,-2.746731,-23.887089,-2.712286,-2.671238,-19.922984,4.716254,-0.402996,-11.652877,-4.676355,-8.783066,-18.705005,-16.196255,-16.274111,-12.808562,-1.559152,4.315816,-0.777052,-6.204245,-8.40398,-5.025871,1.079611,-14.18152,-11.95319,-10.659305,-5.798099,-7.705389,-6.44977,2.078882,-11.36063,-3.161097,-16.652792,-3.182221,16.344075,-10.052504,3.466403,-12.822026,-5.723992,-2.715616,-6.666607,-4.784817,-5.085712,-5.709604,37.920448,3.28125,-4.839338,-7.132401,4.157971,-16.836328,25.475445,15.009592,32.556582,0.4884,52.413072
-4.89061,10.147159,-14.504798,4.535148,-5.186645,5.979788,-10.470037,13.146284,-6.03551,12.711444,-5.145457,1.651436,-2.036793,4.364062,-5.436302,2.024155,-7.441113,1.970328,-2.067315,4.577589,-0.989955,32.649934,-7.346825,2.560329,-14.672211,-17.612335,4.050563,-3.434654,-0.974632,5.23096,-11.028266,-5.75413,-2.942312,-7.691522,6.71875,3.723521,-10.813251,-17.712148,-12.847094,-5.765381,-10.949486,-18.874391,-2.915348,-4.204726,2.943766,-9.354683,-2.883115,1.066746,-3.508176,9.461695,-4.430916,-3.807324,1.779031,-6.503293,-14.233787,-12.761269,1.549646,-3.013794,-9.53555,13.649249,-14.720363,10.182924,-10.449581,-4.018302,-14.785875,-1.332944,-5.588299,-15.860633,2.632738,-4.580546,-10.336159,-4.03441,-5.259721,-21.308652,-24.900608,-20.272572,-9.686438,-1.967166,-0.635131,-6.468294,-4.853302,-5.278337,-2.905931,1.129299,-8.889296,-11.928148,-11.250942,-4.823102,-4.920273,-9.121732,4.191778,-14.720034,1.325848,-14.294189,-25.465582,13.448421,-12.426816,-1.25361,-5.644167,-7.457588,-0.314342,-6.179389,-1.591373,-4.690341,-4.316492,24.953832,1.365744,-11.968552,4.972439,3.376835,-16.057777,28.426597,19.439636,29.91313,-12.054969,36.099827
-9.815064,-3.124878,-15.209186,0.612308,-6.453283,6.438348,-9.682735,1.924958,-1.898605,15.655554,-0.245463,1.485491,-0.703091,2.124457,0.925644,5.348226,-14.412303,-4.276021,-2.615017,-7.064742,-6.021347,25.876724,1.977979,5.856805,-7.849816,-3.392789,-1.426806,-2.118256,-1.369416,2.651195,3.649468,13.968835,-7.20376,-18.705637,19.221857,13.790711,-10.399945,-19.676811,-14.673442,-10.446159,-3.460005,-27.38005,-10.621781,-13.095257,0.111634,-5.96088,-10.287534,-8.383665,-18.264185,-2.781465,-2.860587,-13.646905,-5.439874,-15.372981,-16.151552,-19.774595,-6.656799,-17.356485,-14.942672,-6.748605,-14.322121,-0.867951,-17.747427,-10.471837,-2.726576,-1.897432,-12.228723,-14.371783,-12.134329,-18.464296,-7.918264,-5.427948,-4.986834,-22.581737,-29.714526,-20.74215,-10.040446,-8.432948,-9.164132,-14.462325,-9.551554,-8.12332,-0.051295,-3.571942,-2.236117,-12.777524,-9.513978,-2.024031,-1.013973,-11.238802,-0.188762,-20.294121,3.21882,-10.352077,-41.471041,1.777804,-20.692836,-10.483201,-10.30631,-14.675553,0.868425,-4.979984,0.603084,-3.925555,-0.091942,8.827033,-7.296402,-13.003914,13.276245,-2.83712,-21.761961,14.039631,11.024421,13.068375,-21.317525,11.714552
-10.867088,-17.745514,-12.002379,-3.563507,-7.036543,3.475905,-6.875955,-11.92988,2.640052,13.974071,5.997812,-1.706625,0.696106,-1.650301,8.611849,9.204679,-19.288603,-12.10269,-5.027386,-18.15605,-7.209449,22.107336,11.567752,9.690074,3.633974,12.397548,-4.059084,3.702262,-1.031384,-2.765987,16.095225,30.41579,-9.088422,-23.045472,23.465442,19.062729,-9.661651,-19.167076,-13.244088,-12.435456,-4.819774,-36.518406,-17.861402,-22.774947,-4.516117,-6.403072,-18.320439,-21.576982,-28.52553,-17.219109,-3.163735,-21.920882,-15.762818,-27.480023,-15.393468,-25.489146,-14.035205,-28.145047,-14.633589,-26.096201,-10.674124,-14.118594,-22.807048,-15.265624,8.107589,-3.398426,-16.201465,-13.097187,-29.164271,-30.543288,-4.965501,-5.628309,-5.290994,-20.906748,-27.661959,-17.34094,-12.205275,-16.732741,-15.124699,-19.244548,-16.239646,-13.698847,3.045944,-10.884194,3.878807,-13.344402,-5.430169,1.821605,2.73877,-11.614217,-10.145858,-26.190779,0.02572,-7.421773,-48.246848,-13.588855,-29.240771,-20.678362,-26.039288,-23.85986,-1.016313,-4.741668,-0.185755,-3.365854,3.085828,-6.553682,-20.277401,-8.438001,14.998306,-11.290223,-29.219656,-10.64842,-6.913424,-10.706946,-22.481078,-8.856384
-5.392337,-23.630337,-3.267127,-3.327914,-5.166875,-0.915702,-1.30295,-20.038905,7.487646,8.987727,10.571262,-4.51108,4.284694,-3.543596,15.780999,13.244122,-15.761639,-15.23049,-6.591721,-21.319674,0.087301,25.488725,20.101131,12.958561,17.889955,27.725613,-0.477786,15.515005,3.014229,-6.696642,22.950732,39.331518,-4.409696,-13.127352,19.529932,19.298083,-7.246413,-15.7325,-7.577455,-10.113052,-9.088882,-41.230352,-20.146217,-25.005417,-5.222511,-7.4297,-21.791545,-29.066631,-25.56602,-24.568266,-2.158634,-21.882223,-21.076679,-33.284544,-10.353844,-24.05527,-15.463179,-26.796817,-3.084595,-30.195757,0.405275,-19.939315,-18.756846,-12.01498,14.353117,-3.967685,-11.681882,-7.223291,-35.601576,-27.557416,-1.197514,-1.341835,-1.93335,-14.720457,-17.204284,-10.715575,-12.345655,-21.192047,-14.253597,-16.759892,-18.912132,-16.307203,6.126427,-15.674682,8.338274,-11.5706,0.462124,5.018351,5.66755,-8.509542,-19.776349,-27.598222,-6.689404,-5.413541,-43.336519,-25.528721,-29.283158,-26.042065,-41.610708,-27.802751,-5.017024,-5.4536,-3.201012,-2.595219,2.393446,-21.183415,-31.224097,-2.030689,6.56764,-16.412583,-29.53468,-31.581013,-24.469121,-29.499371,-15.061422,-22.057865
5.277866,-16.438034,10.19755,3.172054,0.354314,-3.25411,6.468692,-16.868662,13.205521,4.498322,11.213079,-4.418062,10.907778,-1.022452,21.112297,16.439702,-2.897606,-10.460267,-5.303766,-13.810578,14.675607,34.361288,26.758888,14.852362,30.85671,41.516707,8.941052,30.954243,10.861309,-6.125177,23.802024,39.860227,6.44994,9.464436,12.475173,16.903075,-2.23306,-9.471807,1.817651,-3.75015,-9.097584,-37.275722,-15.162986,-15.34671,1.228287,-5.005877,-17.914607,-23.921944,-7.876268,-19.902334,3.090583,-11.633189,-14.54838,-25.696885,-1.140751,-13.168468,-9.803759,-12.22636,18.413105,-14.485899,18.3545,-13.318815,-4.31966,-0.095242,14.316889,-3.067812,1.694535,5.274342,-25.678135,-4.572509,3.73887,7.421698,6.494747,-4.610578,-0.567295,-2.489417,-8.110662,-19.04464,-7.507022,-7.690459,-14.262515,-12.328506,8.797533,-13.830969,10.834236,-6.599924,6.948851,5.89749,7.869042,-1.393234,-22.196309,-20.411041,-12.44637,-2.205989,-27.301089,-28.494929,-16.062871,-22.6282,-43.842318,-21.218222,-8.194011,-5.664072,-5.702946,-0.850383,-1.925853,-35.42445,-33.752679,2.725186,-12.645443,-13.99188,-17.168212,-37.044622,-32.025357,-34.328391,-3.345388,-29.468189
16.127344,-0.732347,24.292982,12.765201,8.337722,-1.556315,14.092771,-4.308853,19.474938,3.729255,7.731004,-2.126968,18.739287,5.080285,23.574184,16.660492,13.515921,-0.246228,-1.395532,0.433395,29.52458,41.768584,30.737176,14.661631,37.390123,51.580473,19.457789,43.869294,18.805487,-1.866744,20.445282,33.125813,18.102872,33.301179,8.272947,14.178448,4.306574,-2.000813,12.049089,4.054197,-3.154765,-25.015943,-5.256901,2.144538,12.29809,1.191811,-8.537089,-7.471696,16.499893,-6.496821,12.307014,3.728643,3.936416,-6.281783,9.462505,3.191652,-0.921179,7.784124,41.123736,12.113113,36.695662,2.161385,14.564511,14.452219,8.498877,-2.456357,17.739746,20.207761,-4.867726,30.276267,9.306897,16.411436,16.490196,6.008418,16.050822,5.083816,-0.952711,-12.45911,-0.193226,2.828593,-4.09253,-2.967602,10.293964,-5.56853,11.470711,-0.085716,12.224615,3.763526,9.684465,7.668351,-14.519878,-5.048499,-13.17236,3.809519,-5.721476,-21.423233,6.181015,-11.58698,-27.701592,-5.383491,-8.038115,-3.935288,-5.229436,1.938554,-6.923698,-46.678959,-25.915446,5.121637,-37.455724,-3.97646,4.530135,-25.307808,-26.627841,-24.739061,5.763592,-31.711691
21.486266,13.318455,33.176575,18.931508,15.264749,2.884936,18.442107,9.162327,24.302608,6.865686,2.17068,-0.983292,24.044548,10.629323,22.312598,11.672538,24.672224,9.101491,3.018962,13.501463,36.22867,39.810431,31.072117,11.819821,33.683952,53.861031,24.514732,47.187405,21.71473,2.104807,15.213703,20.640503,23.563251,43.956802,9.362764,11.342965,9.289174,3.61076,18.553454,9.426263,3.385048,-10.009452,3.449046,16.610562,20.962111,6.752534,1.059208,11.031983,34.437364,6.427615,21.550576,15.162676,26.734602,14.894392,16.954871,16.597832,4.946193,21.464707,53.745163,33.048738,46.545474,16.680799,28.542817,23.145936,-0.423075,-4.936132,27.50811,28.88276,14.28195,60.233628,13.931134,19.674914,21.757038,12.571045,25.272564,9.803234,4.758458,-6.720235,2.305438,8.853049,6.213515,6.744651,9.700089,4.517482,10.402808,4.549619,14.424019,-0.707781,11.014368,14.453351,-0.126509,12.731607,-8.192494,11.603212,12.400256,-8.337694,25.751315,1.122092,-0.35367,11.98461,-4.558779,-0.2361,-1.562369,4.690597,-9.241454,-49.583849,-11.918286,6.908748,-57.921426,9.538911,24.490991,-5.188906,-13.255203,-8.585947,6.541119,-25.648289
18.72254,17.190372,32.557402,16.340168,17.412352,6.349068,17.510836,14.27527,24.861192,10.96691,-2.418676,-4.01737,23.636281,10.988807,16.939685,1.079392,24.781761,12.084899,5.664224,18.910407,30.833738,25.13701,27.03953,6.345771,19.775615,44.339054,19.949123,37.062634,16.882225,1.885675,9.612479,3.89589,19.105841,33.755489,13.073421,6.910433,9.445267,4.309294,17.496853,9.384382,2.726138,0.334166,4.970765,17.591162,20.666678,5.86274,5.822773,20.665228,36.118356,10.302286,25.717519,15.824688,42.834332,25.858439,17.678845,19.539446,3.616771,20.849957,49.564517,35.560404,42.539329,21.070189,31.253699,21.206503,-8.495124,-11.780399,25.370925,24.113634,21.322852,70.604156,15.90025,13.852465,17.946471,12.34114,22.820117,10.306689,5.061433,-6.050484,-1.262082,7.801255,11.738367,11.732205,6.53748,10.649028,7.773605,4.485962,12.491266,-5.838511,11.09983,14.934529,13.448861,24.997289,-0.692838,17.693015,19.816935,3.764652,30.921185,8.613602,23.687991,21.758077,-0.393584,3.867465,3.102391,5.78506,-7.523487,-39.734508,0.426166,9.833709,-64.215537,20.908454,31.332291,10.542004,-0.434069,3.669925,-2.133103,-7.201001
9.924241,9.816939,22.501863,4.922408,13.481539,5.494613,11.827784,7.486602,19.445449,12.170513,-3.960466,-11.033762,17.186851,4.568561,8.006219,-12.359593,14.928412,7.883445,5.678634,15.656042,16.743971,1.855788,18.825335,-0.704391,0.380785,22.44158,6.973133,15.654376,6.266195,-3.225955,4.02631,-14.907248,7.006285,7.379405,13.943916,-0.100834,3.716218,-0.942217,8.40976,3.781425,-8.49385,1.724108,-2.338601,2.459054,10.181689,-3.791964,4.261115,16.32763,21.404341,3.150856,22.093078,5.781242,44.691389,20.896171,11.265519,10.485042,-4.040093,6.99652,30.832119,19.402578,26.797019,13.099756,23.490652,10.927593,-12.240204,-20.917007,12.968979,6.086526,15.124187,58.02657,14.596462,0.998511,6.24634,6.421365,10.325757,6.600457,-0.528817,-10.347363,-7.249591,1.941065,11.325064,10.418561,1.261663,9.831267,3.866558,-0.29937,6.887014,-9.843551,9.004583,8.006928,19.443206,26.667265,4.611406,18.58612,16.142138,8.680877,18.054809,7.815256,32.478323,19.648112,1.160059,6.339533,5.854852,4.310274,-3.181314,-17.817377,4.914582,13.489081,-52.055623,26.12864,21.556613,13.875919,6.067388,5.993825,-15.763134,23.136929
0.329156,-2.216557,7.657286,-9.630824,5.660985,-0.043204,4.250803,-6.572162,9.031609,8.472223,-2.808163,-18.20025,7.622073,-5.591577,-2.825088,-23.422825,1.904861,0.508294,3.832729,8.049742,2.485142,-20.308788,7.881771,-7.354809,-16.928479,-6.808342,-8.284154,-9.454908,-4.747975,-10.178302,-1.614803,-32.175458,-5.890474,-20.841344,8.101169,-8.182635,-5.635809,-10.126746,-4.9433,-4.374888,-25.655687,-4.055182,-14.418364,-21.468736,-5.27902,-18.581332,-0.976644,1.953272,-0.324265,-9.449601,12.264548,-8.16293,32.721617,4.239569,1.108027,-5.066805,-12.770611,-11.020668,7.242193,-3.406627,7.808435,-1.378544,12.030792,-0.263843,-10.502667,-27.507693,-1.859345,-16.584429,3.844806,31.776977,11.00018,-12.322944,-7.104761,-0.892602,-5.504005,0.069676,-8.630657,-15.326574,-10.344235,-3.860246,7.63141,5.369482,-4.774142,3.616941,-0.789952,-6.788244,-0.43298,-11.709227,4.453382,-3.436281,16.056616,18.75198,4.816833,13.543344,8.485237,4.370931,-5.522378,1.525574,24.255966,9.00379,-1.309692,6.173837,5.276182,0.936973,0.91185,9.422385,1.158551,15.49693,-24.914847,24.522896,2.238456,6.122177,6.558261,0.212485,-26.481287,57.511301
-5.338827,-9.997181,-5.416751,-19.456476,-1.777558,-7.239049,-1.797264,-18.444437,-2.843609,1.096647,-1.6222,-20.615825,-0.732821,-13.546682,-13.208433,-27.121664,-6.966628,-4.649074,1.417276,1.801852,-4.112016,-31.59787,-3.408309,-11.586088,-25.502098,-34.065705,-18.505659,-29.07517,-11.16311,-14.545657,-6.958985,-43.461339,-12.753405,-36.118288,-3.578715,-13.415435,-14.163831,-19.021768,-16.399417,-10.611287,-38.835669,-10.400345,-24.048177,-41.709644,-17.382122,-30.910273,-5.467251,-12.736759,-16.59905,-18.79168,1.004626,-17.321525,14.400911,-13.331686,-7.649085,-18.309269,-16.774401,-22.500525,-10.333894,-17.451009,-5.134722,-13.01563,4.174222,-5.496007,-5.213057,-26.789252,-10.403212,-31.782389,-2.018636,6.520332,7.001961,-19.175908,-15.103929,-5.089948,-17.020985,-7.043307,-14.517503,-15.871112,-8.108912,-6.202641,4.19848,0.76087,-9.948285,-3.508151,-5.528942,-10.938354,-6.929698,-11.554156,-1.633241,-14.031576,7.03122,7.423569,0.731379,5.428106,6.360085,-5.976269,-26.127007,-3.831717,7.493833,-1.89746,-6.145394,4.059944,2.437492,-2.356481,2.650184,32.486378,-5.310231,13.925559,8.348724,18.208032,-14.038263,-4.514346,5.556709,-6.311336,-27.515397,83.782011
-5.918033,-8.947502,-12.033288,-19.68704,-5.348321,-11.74438,-4.404864,-20.450252,-11.917972,-6.381601,-3.580639,-15.958825,-4.894057,-14.390746,-20.991033,-21.793058,-8.994367,-4.960845,-1.068802,-0.359636,-1.089964,-27.97146,-12.631027,-12.495498,-23.192383,-50.088232,-19.685092,-37.193183,-11.800304,-13.868078,-10.910342,-45.326278,-11.179341,-32.394546,-15.802664,-11.741935,-17.893788,-23.511159,-20.920537,-11.670149,-39.743597,-10.483299,-25.547814,-48.721087,-19.866586,-34.05398,-6.317333,-19.25148,-19.833646,-19.234031,-6.947297,-17.02277,-1.127287,-22.244396,-11.281803,-22.874949,-13.855498,-22.245845,-16.371752,-14.777832,-7.94963,-15.637186,2.33192,-3.45674,-0.332496,-17.293582,-8.806706,-31.479468,2.032263,-7.78578,4.049739,-16.707904,-14.807707,-4.583984,-20.308796,-12.469155,-15.494688,-9.933896,-3.08655,-5.701561,2.199258,-1.105254,-13.199726,-7.682356,-9.779714,-10.501518,-10.815719,-10.313248,-7.377372,-19.148468,-1.515951,-0.382758,-3.966412,-1.114092,14.287588,-15.817888,-32.607588,-3.145344,-6.024051,-5.943541,-9.708129,1.720802,-0.043287,-3.593799,2.098078,44.469849,-7.202042,9.789926,38.483682,10.293184,-18.31745,-9.851998,6.819974,-6.733508,-17.370482,92.678836
-4.039864,-1.82894,-11.714518,-11.533741,-4.552625,-10.889182,-4.076973,-11.737075,-15.515349,-10.408923,-9.997505,-6.402307,-4.860571,-7.640923,-25.025074,-10.453463,-7.360305,-2.108693,-4.223872,-0.116416,6.811137,-13.311094,-18.269718,-10.901645,-13.466753,-50.618276,-13.329411,-33.794504,-9.69235,-9.319482,-12.120208,-37.401944,-4.313609,-15.234064,-22.359263,-1.784034,-15.640559,-21.856636,-17.444874,-7.408252,-27.698675,-1.925698,-18.328653,-41.464838,-11.89578,-26.162303,-3.873391,-15.812409,-11.280081,-11.526839,-9.765312,-9.286759,-8.877013,-20.392189,-9.594386,-18.477189,-6.810538,-13.409485,-13.031638,0.095801,-3.829501,-10.066181,2.864984,1.128577,0.6148,-2.160372,-0.155753,-16.646866,11.20461,-11.337157,2.22631,-7.758784,-9.028655,-1.64652,-17.194497,-14.72692,-12.499265,-0.02127,-0.695123,-5.957329,-0.323204,-1.374584,-14.491765,-8.340621,-13.202595,-6.514182,-11.960259,-8.999858,-10.86993,-17.586594,-5.455666,-1.584175,-5.563913,-2.821578,27.818297,-19.020682,-23.272858,3.45534,-9.50579,-2.043014,-8.954262,0.501643,-0.107541,-2.199765,1.070276,44.633843,-0.939954,7.224803,59.882149,3.374519,-11.602669,-7.577062,9.731768,0.072337,-1.134532,83.67478
-3.518977,3.963206,-7.624935,-1.163342,-1.817092,-5.447767,-2.890481,1.667051,-13.781453,-9.656915,-18.956965,2.745921,-3.063189,2.380977,-25.426325,0.699362,-7.703575,-0.01219,-8.790086,-1.184852,12.119412,3.267517,-20.111703,-8.842444,-3.226842,-38.488724,-4.936407,-24.069586,-9.225075,-4.52422,-9.931357,-23.13036,1.943703,3.143871,-20.195519,13.903386,-9.403379,-15.439767,-9.097536,-0.640864,-10.176802,11.666148,-6.898947,-26.737328,2.41852,-10.648382,-0.771994,-7.503555,1.305642,-1.185122,-9.046929,-0.60597,-10.174838,-13.446269,-5.502234,-10.052709,-1.085464,-4.308441,-7.148702,14.310126,0.039363,-2.604248,-0.061237,1.80679,-3.065288,12.485067,8.340099,3.893008,15.573443,-11.727992,0.508421,1.436718,-3.720363,-0.426647,-13.283676,-13.638652,-8.819963,8.734731,-4.58544,-9.835161,-6.117347,-3.106776,-14.590493,-8.024388,-15.580928,-2.307174,-11.713738,-8.026073,-11.19238,-11.926092,-5.007048,1.537543,-3.00107,0.03366,36.458654,-13.34703,-6.137046,10.686756,-4.764362,4.795761,-3.635385,0.363351,2.129139,0.569192,1.356209,37.728778,10.513509,10.703894,71.281039,-0.857318,-3.544069,-1.77988,10.120245,8.895066,12.144976,64.873969
-6.04721,2.490349,-3.78386,4.702166,-0.334543,1.013843,-2.654261,11.462534,-9.125617,-5.699756,-26.028336,6.745783,-2.208209,9.48703,-23.16297,5.847366,-12.969023,-1.119492,-14.334415,-5.417158,10.272183,13.095017,-18.947944,-8.186954,1.39021,-21.515688,0.040404,-14.696419,-12.402652,-2.649928,-5.095348,-8.416755,3.389839,12.594763,-11.182255,30.077647,-2.715236,-7.575224,-0.694261,4.903613,2.458644,23.203092,2.480477,-13.368604,17.317348,6.827229,0.57856,-1.543484,9.876257,6.230413,-7.835966,3.158715,-10.025579,-9.441964,-2.50473,-3.457042,-0.556582,-1.878834,-4.633922,16.41295,-1.543238,0.197567,-8.859696,-4.010968,-8.543678,21.104221,10.740667,19.619666,8.33712,-15.917122,-2.020579,5.663491,-3.230107,-3.57728,-13.540486,-10.361113,-7.165657,12.261637,-13.2641,-16.206676,-15.371085,-8.02218,-14.322247,-9.687528,-16.56469,-0.771923,-11.714625,-6.976394,-8.856232,-6.382456,-3.640977,3.82396,1.512154,4.08261,31.687495,-1.656071,7.341576,12.202211,0.867322,7.939653,3.440579,0.067213,4.48965,2.50888,3.079272,29.761286,19.528758,21.137744,73.575575,-1.33252,-4.439636,1.589615,4.670773,12.363984,14.709011,46.649399
-9.81306,-6.023406,-2.263382,3.256324,-1.556714,4.612271,-3.54272,12.736175,-4.440984,-1.917136,-26.785162,4.758573,-3.249017,9.839618,-19.296673,2.955821,-20.733858,-4.299125,-18.827432,-10.803767,2.684705,12.879051,-15.844265,-9.262629,-1.381036,-7.586725,-0.182104,-9.706114,-17.267908,-4.181025,0.273682,1.209594,0.288491,11.122432,-0.463586,41.659453,1.713203,-1.325562,4.548131,7.025939,4.166128,26.73676,5.973967,-6.024467,28.683776,22.021054,-0.106657,-1.718301,11.277509,8.915035,-7.91196,0.796397,-12.202162,-12.143196,-2.016496,-1.222885,-4.674241,-6.730935,-6.627074,4.346119,-7.774064,-3.730877,-19.798926,-12.677576,-11.073338,21.95408,6.302138,24.920733,-8.284621,-23.738302,-5.042786,4.02154,-7.173923,-10.079311,-18.625894,-6.881125,-7.548463,10.114471,-20.849169,-20.035539,-24.382153,-14.335665,-13.845932,-13.804995,-15.533027,-1.969029,-12.483906,-4.920951,-5.379994,-3.789197,-4.747224,1.60947,4.269723,5.481616,14.028496,9.831909,10.263598,5.610017,1.146547,4.471032,8.231681,-1.644031,4.45539,2.021597,4.508771,23.455024,19.044576,33.878578,67.303569,2.363351,-16.65746,0.167468,-5.05949,6.646492,4.902072,33.6038
-11.095512,-15.391104,-2.364707,-2.931479,-4.264936,3.623827,-4.220546,6.651707,-1.43426,-1.452014,-19.591184,0.367412,-4.980841,4.517658,-14.393275,-5.134865,-25.147373,-6.095146,-19.670536,-13.085483,-4.894417,5.882413,-11.503549,-10.460212,-8.153776,-0.202335,-2.982009,-8.529715,-19.707581,-7.050226,3.575903,3.323544,-3.433814,4.391981,7.230014,46.219362,3.351621,2.161217,6.663463,6.172787,-2.8107,21.013086,4.281984,-3.131303,35.091659,33.579994,-1.162268,-6.229784,7.901309,8.898957,-8.497335,-4.134655,-16.078813,-18.324252,-2.563218,-1.529665,-9.102487,-13.308635,-9.948025,-13.939816,-12.844754,-11.154674,-25.509009,-17.101709,-6.953544,17.88306,-0.74086,21.605493,-24.094161,-28.146624,-6.967041,-0.143348,-11.267898,-15.915087,-24.542128,-5.09391,-7.643236,5.133098,-21.524111,-16.046548,-27.671668,-17.606256,-12.469854,-17.652273,-11.790327,-2.925647,-12.830017,-1.035337,-2.313336,-3.870601,-8.826969,-4.444561,2.828536,2.708665,-6.502591,15.128152,4.321386,-5.427405,-4.392142,-2.791626,8.054055,-4.860087,1.142971,-0.805546,3.460255,16.736852,7.452251,40.571846,52.169657,9.246579,-32.119581,-3.041217,-12.789637,-5.56827,-11.463771,20.964056
-7.502335,-18.234459,-2.073846,-8.229636,-5.824064,-0.686312,-3.244376,-1.311286,-0.120231,-5.451149,-6.82987,-1.072515,-5.388485,-1.303792,-8.460447,-12.571209,-21.858807,-4.169341,-15.513337,-9.566814,-7.213236,-0.98955,-6.114751,-9.147007,-12.821031,2.709706,-3.776636,-7.222555,-17.088645,-8.768392,3.004743,-0.356797,-3.666966,-0.049019,10.564969,44.545539,3.445472,3.793865,7.876653,4.543985,-9.933106,9.781114,1.474858,0.16938,36.638922,41.720183,-0.808575,-10.136956,4.191591,8.948737,-7.250284,-6.709933,-17.564832,-20.794339,-1.351868,-0.772438,-9.269168,-14.68722,-10.830152,-27.044899,-11.053125,-16.72239,-20.830376,-12.534531,4.043438,14.288311,-4.959641,16.105268,-28.160791,-21.697095,-6.113271,-2.32473,-11.227282,-17.036023,-25.666559,-5.804425,-5.168028,0.79825,-14.21103,-3.257184,-22.074402,-14.069594,-9.165654,-17.324608,-5.057487,0.18448,-10.570973,4.845306,-0.377462,-3.914081,-13.301292,-10.117036,-2.258738,-2.515369,-17.353682,11.795609,-2.63137,-13.697226,-11.005969,-7.999749,3.175461,-8.284306,-3.978278,-4.371411,-0.825284,5.227396,-10.234158,34.113044,28.864918,16.226067,-37.942997,-2.810207,-12.127112,-16.877378,-24.251334,-1.495078
-0.213969,-11.553367,-0.31632,-8.094361,-4.493984,-5.228032,-0.510959,-5.71815,0.450568,-12.470501,6.298763,3.702715,-3.509093,-1.930116,-1.390978,-14.051115,-11.879823,0.166802,-7.4829,-1.801306,-3.620796,-1.89492,0.288958,-3.338271,-10.517119,6.232847,0.346384,-1.737682,-10.674264,-8.579358,-1.449339,-5.183744,0.577899,1.18111,11.825837,39.216403,3.496868,5.328652,9.926166,4.02576,-8.708477,-0.949145,1.721852,7.084041,33.425192,46.009726,1.117728,-9.850928,2.515795,9.453426,-2.551083,-4.54938,-13.100659,-14.459419,3.131431,2.761044,-4.017449,-8.113702,-8.479224,-28.40353,-1.906649,-17.224366,-7.355274,-0.753751,18.350649,15.636472,-3.906901,14.08656,-16.836691,-3.640901,-2.234014,-0.418182,-6.431059,-12.320005,-18.854338,-8.157886,-0.167004,-1.36425,-3.670698,13.264049,-9.546874,-3.849964,-3.446602,-10.877004,4.043226,9.089711,-4.153565,12.021869,0.728172,-1.149725,-14.820056,-11.190278,-7.875934,-6.727114,-12.799503,2.119404,-3.148312,-13.737818,-13.417231,-7.325733,-3.554681,-10.157053,-8.147084,-6.799073,-6.790081,-13.25232,-25.545745,13.605175,1.273791,18.653068,-26.12465,3.13044,-2.071357,-20.286558,-24.929861,-40.367113
6.614488,1.1197,1.948938,-2.010529,-0.905067,-7.200536,2.474109,-4.690832,1.039048,-19.222239,14.71124,13.564439,-0.270969,4.992886,6.445924,-7.848336,-1.172829,2.698239,1.195642,5.297026,1.753289,4.578176,7.299037,6.933315,-0.529615,14.218705,8.504314,9.084236,-4.777595,-7.792085,-7.831901,-6.285166,6.563469,5.59902,14.438284,32.461013,4.02241,7.881841,12.119461,4.632738,3.195248,-6.574733,6.40054,16.47859,25.431296,44.759061,3.083754,-5.774117,1.890551,8.206559,4.864431,0.856733,-3.264162,-0.513623,9.61323,7.309153,3.47303,2.955277,-5.522229,-20.060703,8.875268,-13.525923,7.077011,10.767562,30.563833,22.767136,0.501251,16.752711,3.423077,18.407809,2.86115,3.940895,-0.358834,-4.276549,-5.677915,-9.934585,4.785462,-2.258632,3.015543,25.11115,3.737837,8.565842,3.988933,-0.10595,13.88,21.893943,5.937792,19.141512,1.798772,5.038636,-12.021054,-6.874528,-10.472041,-7.356517,1.402077,-8.399037,4.236029,-5.96168,-10.299947,-2.183401,-8.607267,-9.574478,-9.304071,-7.264469,-11.355825,-35.566519,-31.658951,-14.089565,-23.287671,12.566608,0.004877,11.436727,11.229938,-13.860144,-11.72914,-90.741686
8.876363,12.434644,2.637239,6.665517,2.437769,-5.638661,3.734864,-0.25586,1.579195,-22.216255,16.260482,23.802227,2.292037,16.881668,13.914515,3.442762,3.80038,-0.105139,7.040177,7.374783,3.75371,15.2046,13.877957,19.407577,13.582743,26.399031,16.797752,22.713302,-3.306463,-8.132627,-13.04419,-1.186829,10.205821,8.204116,19.812646,24.865944,4.527486,11.255022,11.81588,4.678651,20.259929,-6.124267,13.496442,24.373132,13.796885,36.793083,3.440197,-1.094127,0.177394,3.211254,12.232376,6.136058,7.046873,14.436387,14.830038,9.419768,8.164037,11.700315,-5.274118,-9.684597,13.318107,-9.043825,13.759397,14.218877,36.382999,32.556535,4.155616,21.274993,20.477783,33.758261,6.191519,7.091555,2.46539,2.948101,8.61873,-8.737869,6.658854,-3.454196,1.94094,26.050177,11.569258,17.132291,11.322702,10.416787,22.259167,34.102278,17.022561,24.687308,3.329828,12.672231,-6.503844,-0.3889,-8.286688,-4.454778,11.843281,-14.176588,14.427509,3.556723,-4.87589,1.985634,-9.818335,-7.147606,-7.49367,-6.411425,-11.838491,-53.895928,-26.913525,-37.539555,-36.624495,-2.454707,27.523529,15.417513,18.370245,-1.650519,9.220287,-135.54644
5.601002,16.543921,0.558109,13.466505,3.138121,-1.518847,2.430972,4.098038,1.401869,-19.522738,12.687285,29.314573,2.694254,27.793207,19.385131,14.644128,1.050104,-7.638187,8.387188,4.411714,0.765827,24.617671,18.645161,30.65659,26.489615,38.724062,21.178817,34.607373,-6.53084,-9.729574,-14.293968,9.078527,9.385032,6.467243,25.915643,15.631177,4.468231,14.393203,6.981788,2.491851,32.799185,-2.001679,19.373557,27.893808,1.813023,23.920064,2.177067,1.821542,-2.756118,-4.218913,16.726951,9.303034,12.064528,23.403838,16.000322,7.442538,7.061643,13.272348,-8.479751,-3.918606,7.070375,-6.554367,9.346889,7.271331,34.710529,39.960395,4.399112,24.276742,24.848159,36.64283,5.486026,6.558183,0.393286,6.621233,18.480246,-3.518024,4.587657,-4.993321,-4.488038,16.410157,12.058029,18.314143,16.430463,16.320518,27.27459,41.4319,25.540046,27.524423,5.066399,18.673646,-1.369831,3.678109,-2.179998,-0.305537,7.217716,-12.42832,20.201993,7.555516,-1.475733,0.337187,-7.287685,-4.485471,-4.649967,-5.594843,-7.61264,-59.814325,-14.712481,-46.924322,-33.631649,-21.883049,42.742212,10.506286,13.642197,9.499859,27.577943,-153.498636
-0.333784,12.948971,-3.251335,15.917678,0.73452,3.315183,-0.39752,6.27326,-0.068966,-11.857202,8.202413,27.825667,1.103397,31.983978,21.485611,20.936811,-5.451997,-14.93624,6.296121,1.086822,-3.650367,28.497364,20.598949,37.755985,34.370354,46.44529,20.163858,41.046108,-10.775704,-10.67259,-10.472351,20.862021,5.513654,2.537468,28.603599,3.879559,4.123113,16.407339,-1.330889,-1.75966,33.288038,2.063981,21.371186,28.005575,-6.028688,11.457252,1.202993,3.961508,-4.132519,-9.223292,17.459771,11.364929,9.505134,24.10489,13.009384,3.585453,1.501091,8.41425,-12.524718,-3.677808,-7.338204,-6.261217,-1.837641,-5.146791,27.777635,41.044754,2.063352,25.002271,15.924236,30.384838,0.766664,3.150836,-3.89268,7.135075,21.25447,4.501124,0.822014,-4.881623,-9.384562,3.092616,8.791338,13.382844,18.012029,16.19187,28.141436,42.358595,29.048098,27.301967,6.218021,21.025436,1.325125,3.058366,5.285786,2.591874,-13.12527,-4.249446,17.946917,3.031677,-1.355357,-7.124904,-2.798352,-2.928948,-3.002908,-5.617645,-0.393935,-49.180958,-0.528427,-39.437006,-15.17513,-37.735982,40.701847,-1.508186,-0.181886,14.731168,35.088859,-131.282395
-4.446173,6.156278,-6.059973,14.786921,-3.070605,7.420059,-2.578881,6.578263,-2.817496,-2.428442,6.741529,20.945784,-0.983923,27.116633,19.933708,20.231407,-9.030533,-16.230185,3.711082,3.127821,-3.450058,25.521175,19.848816,39.60616,36.829069,47.612888,15.488376,41.238327,-11.383804,-8.682027,-2.746444,30.127944,2.193942,0.932099,24.692014,-10.096193,4.471031,17.265203,-8.801014,-5.690627,21.061232,3.285416,19.375479,28.610123,-6.806087,5.648983,2.782414,8.715668,-0.649642,-6.765688,15.957815,14.914416,2.374024,20.147411,8.571525,2.561619,-3.923608,2.644737,-13.849242,-4.881734,-22.348454,-6.607715,-11.218441,-14.545336,19.510471,35.184984,0.333916,25.476188,1.737254,24.235243,-5.491448,0.353603,-5.660681,7.133047,18.19218,12.225957,-0.861708,-0.824085,-6.931319,-4.946125,7.796003,7.216066,16.377802,12.134088,25.566732,38.622786,27.610006,24.583096,6.150216,19.945594,2.063273,-0.401898,11.622961,3.468559,-38.164255,6.449167,10.307883,-6.40609,-1.542026,-15.167507,1.552945,-2.553933,-3.375157,-6.005975,6.950308,-24.760066,11.386319,-20.563822,11.915751,-42.539722,28.383825,-13.059335,-13.145445,14.025297,30.539942,-72.484117
-4.100972,1.752997,-5.439364,12.914562,-5.876289,10.348786,-2.474351,6.529125,-6.288253,4.513097,9.704966,12.598205,-2.141819,15.252618,15.936254,13.808102,-5.774169,-9.656831,3.509683,12.336864,4.946062,17.433434,17.84826,37.231912,36.41892,44.526295,10.507968,37.520403,-6.606365,-3.497035,5.970033,34.659788,2.156129,3.964187,14.501149,-24.478708,6.168093,17.655733,-10.407444,-6.210911,2.512754,1.043241,15.525946,32.846679,-1.674685,9.527436,7.402251,18.176299,7.927959,3.897622,14.829363,21.038881,-3.222407,17.616021,6.226115,7.7251,-4.89748,1.776902,-11.415991,-3.368696,-30.847073,-6.700938,-12.488892,-15.238974,13.349734,25.279233,1.593286,27.832884,-7.182778,25.34164,-9.766973,1.577249,-2.291363,8.898663,12.945066,16.374561,1.911641,7.270151,2.625341,-2.607205,12.575234,4.521595,13.385502,7.873325,21.429364,33.493466,23.653667,20.655999,5.005775,17.330268,3.132796,-2.241306,15.719708,3.642482,-52.530042,15.260445,3.942407,-13.072283,2.256667,-17.218965,4.464815,-2.238784,-4.668523,-5.414957,12.124088,4.961483,19.312913,-0.4974,37.690958,-33.475552,19.27977,-15.978878,-14.9157,11.299475,20.21146,2.498081
-0.454511,2.155185,-1.103529,12.856122,-6.480968,12.410949,-0.239644,6.94193,-9.803778,5.825476,15.506372,6.212015,-2.248777,1.338424,11.802564,5.218113,2.155825,0.697424,6.759797,24.272863,19.339087,7.863111,16.840632,33.013053,36.416569,42.204538,7.80915,33.779706,0.745789,2.195497,12.423546,34.981792,5.000131,9.089784,2.041704,-36.514098,8.619431,18.25367,-3.984457,-1.871079,-12.934533,-3.217343,12.600936,39.870153,4.246692,20.393997,12.925828,30.011456,17.348034,17.4713,15.739229,27.379985,-2.581901,19.980724,7.719256,17.813443,-0.618967,7.328425,-8.053641,0.664713,-31.004142,-7.766205,-6.219957,-8.495897,10.791492,16.032239,5.053833,31.534416,-5.152547,32.375665,-9.541184,7.469096,4.168974,12.215854,8.995924,15.472907,8.158948,16.277886,12.56421,8.177139,21.05449,6.34622,11.47672,5.963778,17.889641,29.236473,20.398455,17.064167,3.758211,15.091432,6.375357,1.029096,17.901433,5.11432,-46.862586,19.41684,4.346443,-10.796782,11.223742,-10.514086,5.675608,-0.737378,-4.878101,-2.840818,14.453874,29.903914,23.140242,11.988421,53.115834,-14.071233,23.298384,-7.409281,-2.32704,10.742614,13.506254,65.963552
2.637957,5.265227,4.882887,15.192796,-5.670652,14.0572,2.314375,7.157749,-12.90237,1.198143,20.933058,2.755813,-2.50106,-9.601531,9.819482,-1.677419,8.110899,7.354572,12.242768,30.711417,32.752263,0.863527,18.668891,29.346151,38.521092,44.971263,7.853719,33.229993,5.320645,4.372921,14.577199,33.538919,7.549477,10.667779,-7.296728,-43.518725,10.134276,19.054082,7.921369,5.741274,-18.210044,-6.944942,12.34368,44.977403,5.107327,31.148943,15.903566,37.976415,21.299348,25.529234,18.261293,29.254723,4.213057,25.42595,11.788614,27.127204,5.736111,15.353259,-8.237596,2.697905,-26.797474,-12.025366,0.979992,-1.269865,11.17732,11.368051,7.27876,33.24191,5.359478,36.175221,-4.674651,15.324689,8.327016,14.470994,7.883207,10.836576,14.111149,21.453911,14.466766,20.131171,26.881052,9.480024,12.280015,6.176287,16.342453,25.715917,19.890956,14.997474,3.612746,13.781759,11.346034,9.060042,19.013255,8.635852,-23.802736,18.664163,11.766545,0.524643,21.418252,1.559826,5.513199,2.106118,-2.79162,1.341011,14.685538,42.994888,22.827277,14.333633,53.321806,7.683898,39.368202,8.038438,17.845979,13.335636,16.556893,96.553332
1.883,6.781209,9.648926,18.524449,-5.332641,15.440705,3.141387,5.940048,-15.347861,-6.644101,23.155555,0.802753,-4.223271,-14.840487,10.900795,-4.463234,6.310501,4.942743,17.36693,25.354026,38.098755,-0.364301,23.531169,27.436506,41.940318,53.41022,9.403912,36.792105,3.410812,0.782691,12.493864,32.720593,6.496576,4.792988,-9.973841,-43.769714,9.211861,19.307776,19.4163,12.710627,-11.982989,-7.676025,14.700247,43.114037,-1.431444,34.804439,14.139421,36.181009,16.07481,22.323668,20.377751,23.171388,12.549837,28.591004,15.252352,29.338503,9.583913,19.505509,-13.956497,-1.634393,-23.999652,-19.898473,2.051875,-0.501815,12.420691,12.350961,5.220809,29.667085,16.418768,27.200011,2.678601,20.952309,5.761881,12.910909,9.11156,5.763904,15.885563,19.579638,4.76404,25.800037,24.196995,9.137942,15.544481,6.107582,16.724618,21.065174,21.917342,14.780402,5.147592,12.515213,15.433123,17.722542,19.445416,12.846922,4.376946,14.696208,21.149104,14.74354,26.163186,11.806474,4.374844,4.990457,0.962037,5.374833,13.915709,42.793221,18.085594,10.748665,38.903628,23.583697,56.078024,21.49782,33.025403,16.160163,27.96517,89.315771
-2.621796,4.014532,11.518532,20.731886,-6.720149,16.345752,1.528322,2.951661,-16.953435,-13.564485,21.016324,-1.797241,-7.527608,-14.761403,13.79199,-3.028677,-3.208933,-5.503838,19.713874,8.639549,33.041532,5.3578,29.428198,26.760538,44.185921,63.589123,10.968916,42.73468,-3.972154,-6.904282,8.098174,33.009305,1.194159,-6.874342,-6.310366,-37.087453,5.940518,18.059096,24.983207,15.233372,1.612033,-4.088978,18.114409,32.943527,-12.188475,28.97603,8.514137,23.971687,3.755747,9.203586,20.070207,9.974943,16.846767,25.132511,15.497805,22.192464,8.45365,15.902021,-22.151857,-11.608087,-24.978233,-28.2105,-4.583364,-7.424502,12.023294,16.617188,-0.770949,20.936961,20.795811,4.038077,9.410284,21.492475,-3.050888,7.201715,11.238217,3.36694,12.204834,11.267552,-11.893723,22.403845,12.29931,2.818258,19.062394,3.330423,17.539172,13.720119,24.422514,15.709415,7.792268,10.061225,15.850606,22.008453,18.879007,15.168959,24.316942,9.786645,25.921859,23.73209,21.155136,14.493147,2.603681,5.980481,4.309241,7.226979,12.612576,33.102842,9.5938,8.420545,15.199227,29.125677,59.830614,25.954262,33.04698,14.879617,39.495541,56.706948
-7.275315,-1.938833,10.866455,20.281187,-9.34646,16.300951,-1.414407,-0.753505,-17.52896,-16.58619,15.010055,-6.126265,-10.99702,-12.052455,15.455196,0.633846,-14.037385,-16.88526,18.220038,-11.994506,21.422453,16.160123,32.788806,25.389913,42.741323,68.964675,11.838464,47.476007,-11.593152,-13.781838,4.009409,32.477332,-5.640558,-17.687095,-0.060414,-25.140826,2.252835,14.833064,22.917947,12.116545,16.14038,3.29062,20.403213,18.172641,-20.500427,17.052543,2.562417,7.432463,-8.847339,-5.892738,16.679325,-5.016514,14.596811,15.350093,12.396679,9.4901,3.720883,6.066473,-26.182887,-20.577324,-26.543348,-31.475045,-13.438365,-16.336263,7.968543,19.550432,-6.61684,11.30763,16.846771,-23.903533,13.099194,17.1056,-12.455982,0.166478,12.946733,4.492266,5.131414,0.608145,-25.181346,13.022432,-3.383015,-7.605995,19.746357,-2.641773,16.626465,4.097508,25.028098,16.367959,10.03009,6.07043,11.886736,19.540984,16.810028,13.733564,29.860729,5.530908,22.635984,22.95651,8.249158,9.517134,0.704036,3.94536,5.242749,6.001553,10.463177,20.284975,0.26982,12.053341,-9.857827,24.85832,44.597524,20.66276,16.74276,7.398385,41.350326,20.428227
-7.733775,-7.288997,9.256058,16.673531,-11.397741,14.664851,-3.686991,-3.734834,-17.050223,-15.736749,6.429797,-11.575458,-12.686466,-10.031563,12.655645,3.480139,-17.868385,-21.002051,13.438594,-26.751166,10.264673,26.897409,30.142853,21.008677,36.386416,63.800411,11.901997,47.0256,-13.73227,-14.962687,2.154093,28.040752,-9.869036,-20.828903,4.028399,-11.385492,0.639209,9.975068,16.034897,5.571506,26.584737,12.010186,19.67909,5.065497,-21.05251,5.248872,0.023034,-4.113168,-14.935575,-13.792026,11.054409,-15.229291,7.837133,4.012409,8.171289,-1.319436,-0.694318,-4.186962,-20.581314,-20.466679,-22.597024,-25.718753,-16.046769,-18.88243,-0.555548,16.643995,-7.379051,6.16364,8.743465,-42.05818,12.986849,10.45998,-15.444218,-3.981112,13.362331,7.23543,-1.607422,-7.580297,-25.949428,3.595035,-14.814372,-17.104687,15.374036,-9.966975,12.336815,-5.427981,22.537685,15.309402,10.235635,1.398213,5.597247,12.089128,13.257951,8.83374,24.402406,2.319294,13.113855,14.314718,-5.23542,2.295664,-0.534851,-0.447525,3.286164,2.622986,7.030236,10.000206,-5.243421,20.424805,-28.584214,14.833073,16.330285,10.757019,-7.546256,-4.098737,28.663067,-0.795362
-2.42152,-8.796203,7.757892,10.128768,-11.252533,10.728307,-3.967793,-5.632852,-15.807323,-13.785712,-3.361467,-16.550444,-11.606425,-11.006739,3.999116,2.907778,-10.721925,-14.535288,7.001524,-29.740318,4.700137,30.620718,20.04778,12.182994,25.483102,46.180951,10.733668,38.526234,-8.30107,-9.043722,2.937865,17.752285,-9.003208,-14.643188,3.006848,-0.332791,2.213033,4.473187,9.238215,-0.271686,31.38078,18.532184,15.067692,-1.854819,-13.947216,-2.10026,2.167381,-4.376972,-12.55851,-10.48081,4.595147,-17.108424,1.117174,-3.349892,5.388565,-4.299428,-1.501266,-8.948809,-5.560339,-8.293898,-9.477058,-11.890979,-7.644022,-10.622378,-12.600248,5.961188,-1.241291,7.460858,2.449429,-40.784538,9.920514,4.666958,-8.81007,-2.599748,11.833174,8.483426,-5.264034,-10.768574,-12.540544,-1.711839,-16.809834,-21.027915,6.05645,-15.740716,4.52011,-12.189623,17.42624,11.773023,7.638401,-2.652046,0.394088,4.091258,8.987832,2.795641,16.45922,-0.383884,2.817338,4.310509,-11.381118,-0.487094,-0.33127,-4.936003,-0.173459,-0.727763,2.545382,5.015723,-3.23962,27.228041,-36.323434,3.752401,-10.973287,2.725399,-27.570654,-14.259373,5.014332,-0.444455
5.970678,-6.3793,6.007651,1.251678,-8.785143,4.052748,-2.547692,-7.512078,-14.216414,-13.880061,-12.980492,-19.625681,-8.437365,-15.275725,-8.787337,-1.853123,3.827817,-1.513183,0.79286,-22.407264,4.661438,21.860992,4.179618,-0.688676,11.404129,19.082794,7.168306,21.489442,1.806265,0.872563,5.34793,2.656023,-4.037181,-4.145266,-2.842575,4.015782,5.664974,-0.529899,5.870328,-2.100375,31.945119,19.922443,7.150747,-2.555203,-4.82662,-5.348765,6.906623,5.36998,-5.751377,0.183791,-1.836605,-12.270047,-2.213065,-4.618516,4.748008,0.835798,1.489002,-6.264729,12.348896,10.548544,10.297516,4.161122,8.695756,5.156076,-25.33177,-10.495443,8.547374,11.402209,0.948916,-22.395687,5.58841,1.350371,4.286016,3.486515,7.924559,6.429934,-5.609471,-9.731262,7.962049,-3.196484,-10.411892,-18.261791,-5.474949,-17.801216,-5.213928,-15.171763,11.116304,6.044162,2.817263,-5.406821,-1.346484,-0.534337,5.062318,-1.596368,12.654222,-3.30794,-3.060972,-0.897481,-7.127906,4.015854,1.511604,-6.962816,-2.886602,-2.026479,-1.892125,4.82127,5.997361,25.590504,-33.20409,-5.089108,-24.604539,-0.472455,-34.73152,-18.04319,-19.342211,14.355174
12.243529,-2.954164,2.853306,-8.801362,-5.357706,-4.92057,-0.917989,-10.499065,-12.312018,-16.672128,-20.688985,-20.129801,-4.879842,-20.990843,-21.286678,-9.080072,16.973303,9.699377,-3.725135,-11.794541,5.702562,0.312334,-13.163917,-15.246067,-4.186314,-10.916763,0.120539,-1.632161,11.075538,9.461722,7.758578,-13.12994,1.325689,2.686991,-10.607777,0.12425,8.048489,-4.194682,5.577362,0.478801,30.507062,15.627461,-2.023252,-0.728199,-0.768813,-8.385684,10.33159,16.957826,-1.042833,9.491531,-8.187968,-5.946173,-2.370471,-2.398303,4.47996,8.675796,5.498948,0.894044,24.335189,25.255161,28.962543,15.607505,23.723687,19.379809,-34.76767,-27.293028,15.479454,10.670114,2.426527,0.197871,1.66269,0.179322,16.383934,10.609698,1.982519,2.194296,-4.336256,-6.986328,24.457168,-4.496654,-1.764323,-11.681957,-15.075561,-15.762646,-14.170375,-15.671747,4.735513,-0.744884,-2.575613,-7.231846,0.205627,-0.845739,2.129692,-2.9189,13.657426,-6.666684,-2.862241,0.190908,3.75791,12.734484,4.238639,-5.207889,-3.289944,-0.672159,-4.907273,6.780709,17.362668,13.202584,-23.912067,-10.082599,-21.284131,-0.858221,-28.4508,-14.112486,-33.474002,29.134998
12.439033,-1.728684,-2.024038,-17.942028,-2.553305,-14.374106,-0.412978,-13.843873,-9.380311,-19.125397,-24.44881,-17.886495,-2.216959,-24.878358,-28.542354,-15.112254,20.916796,12.70737,-5.892664,-5.128285,3.07951,-27.52388,-27.034968,-28.035179,-19.641053,-36.529102,-9.878634,-25.87928,15.495066,13.09459,8.832823,-24.382046,3.393857,1.092435,-16.739209,-9.823453,6.918501,-6.210733,5.174458,4.869568,27.939869,8.162541,-9.607541,-0.45823,-4.941934,-14.659397,9.514774,20.857636,-2.09407,10.38974,-14.558277,-2.958747,-2.365757,-1.519833,1.870943,12.197657,7.281156,7.208669,25.221029,27.000447,38.564388,19.666662,28.36354,23.555258,-37.456885,-37.912098,14.223681,-0.023087,2.471867,12.320449,-0.736166,-0.126781,20.951482,14.896282,-4.242696,-0.781316,-3.093877,-4.203937,29.161997,-8.788888,2.556396,-5.70197,-19.335376,-10.76516,-19.881425,-16.162225,-1.62394,-7.245226,-6.68807,-8.922538,2.810836,1.088839,0.051208,-1.868453,15.611159,-9.821919,1.026125,3.874315,13.615873,19.115335,6.399886,-0.359293,-1.467067,2.246148,-5.767447,7.940222,23.58926,-5.453115,-15.16896,-10.460657,-8.62069,-2.62134,-14.911531,-5.791864,-32.227314,31.67929
6.764307,-3.279991,-7.080991,-23.35338,-0.784976,-21.326601,-1.068278,-14.366289,-4.266955,-16.166873,-22.789595,-12.701736,-0.349854,-23.632242,-27.807953,-16.085961,14.431578,7.948574,-5.987187,-4.825919,-4.236798,-50.529082,-34.253026,-36.041005,-33.23688,-52.798406,-19.878562,-45.353038,15.186942,12.424919,7.988539,-27.706796,1.058537,-6.639,-19.052615,-20.46832,2.222763,-6.799275,1.66149,7.400368,23.057152,1.943187,-13.293746,-3.224914,-14.069943,-23.76131,4.511397,12.713289,-6.772667,2.635537,-20.372906,-4.304863,-4.89791,-4.843286,-4.282765,7.941235,5.848189,8.950362,16.904877,15.370737,36.357843,19.762301,20.097009,15.870729,-32.421514,-37.926573,4.498837,-19.171851,-1.824502,7.377519,-1.228791,-0.443254,16.899452,14.896525,-7.84661,0.717638,-1.978857,-0.905904,22.429103,-15.475003,0.204478,-2.904713,-17.472302,-4.452442,-21.361928,-18.263716,-8.581018,-12.559119,-8.414658,-10.658436,4.126322,2.296398,-1.849568,-0.529217,14.906979,-11.452414,4.333666,4.677832,16.430195,18.101683,6.664883,5.316902,1.106906,4.788096,-4.90522,6.569736,19.985981,-21.403633,-11.953343,-5.760586,0.740058,-7.680394,-1.876555,1.026546,-19.124035,19.053436
-0.522728,-4.887752,-9.617289,-22.70116,0.986057,-22.817525,-1.647648,-8.314058,3.601584,-4.306784,-16.018789,-4.383316,1.840155,-15.551356,-20.222049,-10.090795,3.634813,2.393056,-5.109542,-7.493677,-12.751806,-58.483166,-34.869113,-38.105325,-43.124816,-58.894103,-25.554144,-55.506297,13.609041,11.671167,5.320393,-23.586579,-3.662823,-12.769758,-17.588546,-25.793581,-3.545729,-6.579703,-5.0585,5.830487,13.795057,0.687735,-12.726211,-7.588507,-20.732686,-31.435733,-1.818775,-3.751391,-9.065327,-7.21673,-24.287138,-6.882212,-9.598247,-10.757333,-12.266564,-1.547093,3.192037,6.264036,6.760358,-1.044185,26.492386,22.793578,4.720682,2.526923,-22.114905,-27.429805,-8.48786,-38.392497,-9.307869,-9.38126,-0.193634,-0.71845,9.056789,12.247025,-6.270006,6.973893,0.2292,4.431591,11.849486,-20.054374,-5.681662,-2.344952,-11.802456,1.89952,-19.579516,-21.429082,-16.38874,-16.536361,-7.87574,-11.521314,3.520296,1.276979,-4.160107,-0.831541,11.738983,-10.165733,3.864174,-0.027595,11.809519,9.838854,4.650237,9.248912,2.73677,5.441904,-3.645291,2.858237,7.939459,-26.658422,-14.683112,3.646001,-2.105942,-13.474735,6.250711,1.60066,-3.962546,-1.657523
-4.18106,-2.72413,-7.863827,-15.779421,4.156512,-17.582723,-0.797695,5.40279,13.166531,15.268317,-6.691431,6.544368,5.123139,-1.711252,-10.233589,1.478699,-2.54983,4.221777,-4.716907,-7.326252,-17.36119,-47.893498,-31.766668,-35.391558,-47.703288,-57.892023,-23.770786,-55.153592,14.2114,15.141846,1.281544,-16.103596,-7.354389,-10.047866,-14.060725,-22.418497,-7.116713,-6.326635,-11.87288,0.742406,-0.511299,4.994479,-10.002065,-11.412051,-18.882056,-33.040043,-5.881814,-19.418362,-4.355887,-10.897317,-25.027901,-6.402797,-12.975978,-14.331358,-18.277704,-9.748876,2.451077,2.298245,2.20148,-10.497011,16.785701,33.30478,-7.736909,-6.669443,-11.43622,-11.318671,-17.431218,-47.581416,-15.682206,-25.593732,1.318639,-0.53902,4.347216,9.985277,0.738915,14.550736,4.405572,11.935144,6.575178,-17.366239,-9.351678,-0.723876,-6.388163,7.585789,-16.815687,-23.371069,-24.038089,-19.547016,-6.192976,-10.112366,2.301383,-1.207637,-6.901341,-3.375408,9.437205,-5.328764,-0.827845,-7.796971,4.592223,-0.607766,1.157258,9.841129,2.666114,3.948357,-3.348097,-1.360467,-5.605069,-19.33279,-19.440112,15.586564,-16.680359,-14.88923,9.812853,-4.747229,3.278813,-18.544263
-1.705082,4.840793,-2.777959,-5.305854,8.956248,-7.16195,1.663429,23.114783,21.636716,36.506491,1.426341,18.106202,8.806492,14.058689,-2.96235,14.339788,1.174225,16.414685,-5.804716,-1.019319,-15.561312,-24.365881,-28.609666,-30.543458,-46.328239,-54.734667,-14.933602,-47.037074,17.454833,23.66674,-3.489866,-10.369353,-7.72922,2.535218,-10.506397,-11.668367,-6.806282,-6.604277,-14.738212,-5.011892,-17.291059,11.852031,-8.586992,-14.26701,-8.481389,-27.615784,-5.695838,-26.004573,6.179481,-4.697165,-22.480563,-1.095186,-11.187614,-11.153617,-18.960572,-11.086118,5.09292,0.218639,5.500457,-6.175584,13.116545,48.993907,-9.872157,-5.191747,-5.022725,2.911876,-17.754023,-41.883229,-16.984996,-31.08279,1.890156,-0.012708,6.628605,9.954102,10.233146,18.222535,9.607135,18.904605,11.056131,-5.775905,-7.038531,4.608252,-4.572975,12.214545,-15.243196,-21.896232,-29.371118,-21.934277,-4.745965,-5.842908,2.280279,-3.328537,-9.55219,-7.35857,10.586991,2.243245,-7.826235,-12.945165,0.682004,-7.116628,-2.356907,7.060745,1.406267,1.200181,-4.596803,-3.607771,-12.681816,-5.016217,-21.474239,26.066217,-34.12301,-8.741833,11.57187,-14.305664,-1.59825,-22.254646
5.054147,15.480142,2.113376,4.081744,13.856912,4.476139,4.441152,37.464034,25.793866,51.649972,5.535997,27.047885,10.999139,26.648389,-1.064172,23.469703,12.880741,34.024127,-8.075744,9.638314,-9.563245,0.374707,-27.413655,-25.998158,-39.850313,-53.423643,-3.239487,-36.397611,20.689924,33.660638,-8.094108,-9.262649,-5.010251,18.592063,-8.090053,1.059139,-3.648835,-7.369703,-11.717362,-8.274455,-30.763334,16.641749,-11.027064,-17.6558,4.220026,-19.169612,-1.877076,-21.376084,15.730746,7.744858,-18.02283,6.726492,-3.427844,-0.825351,-13.781861,-5.018234,9.485841,0.677069,12.691411,9.289467,15.681183,61.289358,-1.575604,5.841251,-4.37082,8.827716,-10.462567,-25.440214,-12.720135,-24.642246,0.355543,0.017294,14.069015,11.371935,17.312975,14.461548,13.268215,21.009818,22.495726,10.869251,0.294745,13.226683,-6.877237,15.535334,-15.553504,-16.716706,-30.271052,-23.56023,-4.373246,0.173692,3.949067,-4.107625,-11.486163,-11.422736,13.83083,10.151759,-14.516405,-10.993147,2.503403,-6.881801,-4.676452,2.17193,0.118899,-1.541368,-6.970892,-2.038889,-9.822257,6.645316,-19.705207,30.913476,-43.613989,2.903021,13.308562,-21.300516,-14.789852,-11.057055
11.473973,24.146961,3.026303,8.302646,16.528181,12.803634,5.748068,41.411125,24.073731,55.755728,5.684498,30.201843,10.210982,32.009626,-3.123255,25.791517,25.164278,47.184236,-9.702349,19.307158,-4.637699,15.229148,-27.306453,-22.533187,-30.475965,-54.891004,5.663385,-28.161197,20.911886,39.521791,-11.297163,-11.664695,-1.273,28.721602,-6.714854,9.438537,-0.404429,-7.807106,-4.430528,-7.53861,-34.279389,16.380763,-16.906422,-22.838091,11.02108,-13.969376,3.185953,-10.373477,16.702138,18.116267,-13.689915,12.393947,6.82699,12.540923,-5.474184,3.675257,12.088172,1.715128,17.209792,26.013652,19.769214,61.002492,10.637408,18.847555,-6.764378,4.221206,-1.109011,-9.02533,-6.186566,-13.546128,-3.455695,-1.312914,20.891714,11.640127,18.067188,4.085871,13.086961,15.498459,33.408767,25.066726,8.031364,21.664158,-10.609448,17.604106,-16.493334,-9.834586,-26.146512,-23.774764,-4.967958,5.46997,5.844977,-4.306415,-12.410212,-14.586191,14.566957,15.104975,-19.074041,-2.313446,7.518136,-2.013275,-5.435217,-3.017542,-0.354326,-3.433561,-9.475244,3.492741,-0.573462,8.0526,-18.678181,28.251732,-39.512985,13.458219,14.329348,-21.315598,-27.160526,8.913098
13.627868,26.406797,-1.195275,6.216994,15.641563,15.050106,4.794013,32.596173,17.978149,49.471266,4.821059,26.303183,6.992976,29.1151,-4.708234,21.723549,30.703556,47.683498,-8.125679,23.2959,-5.023686,15.976953,-25.311368,-19.060452,-20.89837,-56.683638,8.162374,-24.328933,17.914869,37.533161,-11.804635,-13.468624,1.48295,27.145469,-5.482217,9.957463,0.782912,-6.664457,3.119792,-3.648697,-24.02972,11.895336,-22.654326,-28.43075,7.531579,-15.870072,7.059293,-0.944961,6.644694,19.435774,-10.750339,12.477421,13.854712,23.05853,1.781927,8.526755,10.330462,0.95937,15.280456,33.898987,20.137814,45.099293,18.761317,25.411548,-6.997911,-7.973202,4.233162,-3.025388,-1.872984,-6.806697,-8.336798,-3.942144,21.957413,8.647972,12.320428,-7.873986,9.076778,3.913156,37.016341,30.089101,11.740046,25.838201,-11.54195,18.982369,-15.650299,-4.198129,-18.625654,-21.82842,-5.651872,7.697869,5.657839,-5.537546,-12.454314,-16.537474,9.158259,14.326514,-20.885329,7.805575,10.671104,2.617988,-5.040326,-6.880321,-0.037415,-4.294819,-11.223065,10.998355,6.952657,-1.49207,-25.773572,19.887365,-24.502132,16.240761,12.775501,-13.728167,-29.940322,27.55487
10.957429,21.352963,-7.86533,0.201457,12.041835,11.51188,2.537109,14.938818,11.576537,38.09157,6.675249,16.957097,4.078089,20.334817,-1.505332,14.565598,27.379452,34.374755,-1.69181,20.969803,-10.647082,6.943531,-18.66217,-13.869237,-13.175582,-54.648969,4.875704,-23.19942,14.952639,28.343742,-8.929098,-10.758974,2.844712,15.642526,-3.545192,3.837592,0.204462,-3.077061,7.345561,1.02559,-2.072651,7.232779,-23.690229,-30.392012,-3.836344,-23.320399,8.50444,1.344373,-9.330367,10.87723,-8.834877,7.387598,13.583405,26.813712,5.090023,6.139312,4.847575,-1.915077,8.794107,29.259361,15.330784,19.518941,18.871067,22.099873,-1.005226,-21.507399,3.009957,-10.623331,-2.086342,-7.893279,-12.112176,-6.696863,16.5706,2.665677,4.119001,-15.149219,3.959467,-8.097765,31.491703,24.011582,10.628956,23.980923,-6.693384,20.477616,-11.058168,-1.653108,-10.867404,-17.43927,-5.371547,6.188667,2.185482,-8.449846,-11.909343,-17.242146,-1.082867,7.105044,-20.078924,12.761146,8.568908,3.36218,-4.075556,-8.371412,0.41048,-4.283214,-11.856024,16.782087,5.889078,-15.387655,-44.888499,10.219359,-7.132998,9.303028,8.076473,-1.847662,-19.890983,35.978197
6.195828,11.956767,-12.055279,-5.601626,8.241499,5.019221,1.0079,-3.798477,9.099303,27.573319,12.743477,5.912024,4.563858,9.923087,7.487911,8.121992,19.220584,13.666157,8.799097,15.738925,-17.236555,-2.938033,-7.114351,-6.467169,-8.025148,-45.679752,-0.072214,-20.979108,16.065593,16.263605,-3.254747,-2.981747,3.886312,1.935288,-0.780867,-4.104995,0.374556,2.570845,7.314071,4.177275,23.383911,6.59439,-17.675365,-24.992428,-15.734535,-30.442548,7.511227,-3.471272,-21.692089,-2.038344,-6.38695,0.974205,6.454436,23.801418,4.496155,-1.456961,-0.810307,-4.62319,3.464497,16.375789,8.50927,-4.30385,13.100753,12.297353,10.956721,-30.289785,-2.558885,-25.917402,-5.458288,-12.652258,-12.788416,-8.188077,8.648311,-3.71187,-0.707395,-14.114954,1.34124,-14.165619,20.328451,10.678374,7.898298,17.843861,3.505517,22.35476,-2.655568,-1.743934,-5.846496,-11.130481,-3.547179,2.416867,-3.474759,-11.671981,-10.921302,-16.435546,-9.982676,-4.362375,-16.977607,9.275547,2.026293,0.411202,-2.746005,-7.140768,0.407066,-3.452629,-11.468785,16.724604,-4.342105,-24.121712,-70.943608,3.143169,4.011231,-3.019344,2.03507,9.108459,-0.966403,30.048676
2.777124,2.708459,-10.051931,-8.179161,6.529548,-1.027075,1.667746,-16.854313,12.078023,20.417841,20.550132,-3.026929,9.304564,1.517493,18.856127,4.189329,12.738311,-4.999651,19.763079,11.835595,-19.74572,-6.803818,6.326039,1.365328,-4.913584,-29.911602,-2.233219,-14.778353,22.111955,6.062162,3.281278,6.186452,5.694254,-6.105266,2.070863,-8.816904,3.852295,8.406615,4.818215,4.782049,41.208427,10.97157,-6.604267,-12.575729,-21.093325,-31.414404,4.517135,-10.714118,-23.034948,-11.766192,-2.158943,-2.516156,-2.902218,16.85346,2.443356,-8.500309,-2.863088,-4.144333,3.807272,3.333437,4.284513,-16.931868,6.969945,3.03143,23.828052,-31.465868,-7.651353,-38.193875,-8.370007,-13.727928,-9.806063,-8.081963,3.302974,-7.525757,1.506924,-5.98555,2.944359,-11.52261,9.137784,-2.886064,7.805834,11.309589,15.074152,23.605216,7.314599,-2.266823,-4.702989,-4.130526,-0.419959,-1.034514,-8.515327,-12.577885,-9.450587,-13.614333,-11.159964,-15.486812,-12.044988,-0.285304,-4.871919,-2.860215,-0.840913,-3.530451,0.001492,-1.656061,-10.221624,8.111529,-17.412854,-21.594701,-89.861118,-0.817211,5.428555,-13.057543,-2.533104,14.869734,18.193999,11.121534
1.891733,-3.557946,-2.217384,-7.609627,7.149172,-4.673003,4.082994,-22.323215,18.032106,14.447952,24.677849,-8.092359,15.546911,-3.765882,26.573575,1.651302,11.671858,-15.216356,26.245297,10.640746,-16.406746,-4.509688,16.814386,6.240778,-2.780972,-11.034761,-0.183465,-5.006405,28.868562,-0.208999,8.168743,11.035463,7.90825,-6.007334,3.803897,-8.231074,10.74345,11.823649,2.4367,3.269444,42.764177,17.011607,3.952217,1.216523,-17.818899,-24.815144,-0.209149,-14.962731,-13.285448,-14.160579,3.400554,-1.729736,-8.962311,8.792438,1.560813,-9.875227,-0.324796,0.485427,8.992641,-4.274721,4.300953,-17.098979,4.532678,-0.532409,30.512481,-26.40808,-8.603841,-39.237932,-8.02247,-7.532042,-4.533475,-7.57318,2.655406,-7.756196,9.455115,4.112926,7.05971,-3.069088,1.625388,-10.750751,11.859544,7.507226,22.545603,22.079344,15.25015,-1.150958,-6.237381,2.074139,3.053215,-2.293038,-10.387447,-9.385836,-7.51598,-8.605969,-3.674807,-21.157622,-6.198033,-9.545492,-8.20241,-3.07096,1.790388,1.472078,-0.172362,1.121848,-8.038019,-8.612171,-24.404725,-9.192271,-85.384653,-4.799479,-0.013307,-15.085998,-4.339588,14.160197,29.120655,-15.270216
1.540637,-7.25901,6.906325,-6.671078,8.024772,-6.14389,6.014862,-23.375922,21.806219,5.344044,20.180353,-10.249621,18.149269,-7.434993,25.631532,-2.216882,14.193442,-16.930638,24.47688,9.583487,-10.256405,-2.01351,20.363975,5.281276,-0.861002,5.500476,3.423359,4.494738,29.163204,-4.019122,9.622857,7.691628,8.617408,-1.939013,3.412379,-4.175786,17.879157,10.920411,1.287043,0.791456,26.59706,19.075461,8.200589,8.379551,-9.691119,-14.637824,-6.423469,-13.786937,0.208643,-10.990798,8.013592,0.786503,-9.161016,0.309934,2.529896,-4.903072,4.021317,6.787048,12.953539,-6.917923,5.321738,-12.091027,5.243661,1.281391,26.220827,-19.269024,-5.447683,-28.568526,-4.687142,2.098617,0.439337,-8.478668,4.189118,-6.144125,17.23961,10.477335,9.555974,4.48347,-2.336824,-11.236778,17.204005,6.605472,22.01876,15.736963,17.955313,1.753572,-7.875241,6.247058,5.656224,-1.488285,-8.646701,-2.914114,-5.444674,-2.189328,6.175217,-18.163224,-0.914622,-12.484439,-7.263714,0.16554,4.7208,6.418768,0.539944,4.360865,-4.656391,-28.985077,-20.009924,5.135163,-49.237407,-12.799002,-5.861751,-9.0685,-4.920001,8.930443,27.764375,-41.272627
-1.694796,-11.021475,11.460951,-8.425603,6.344227,-6.960411,4.95864,-24.918166,18.858939,-9.046863,6.203518,-12.0629,12.870994,-11.943462,15.169491,-9.233502,14.568591,-15.028479,14.103662,4.487043,-6.934768,-6.122639,16.116535,-1.708072,0.913555,15.301346,3.894722,8.752792,17.872366,-8.393953,7.591232,-2.997212,5.783217,-0.975316,0.673466,-0.511176,20.483304,5.725281,0.28938,-1.699261,-0.487451,13.096516,3.884767,3.940076,-3.126412,-7.265148,-13.303467,-8.783911,7.727362,-7.947189,8.916392,0.590674,-5.52288,-9.761897,3.625212,2.172312,5.537524,10.117173,8.820321,-9.569961,1.546722,-12.051675,4.817312,3.445952,11.578591,-14.227693,-1.526813,-13.171151,-1.446665,6.595281,2.833326,-11.563866,2.880422,-5.876651,17.89631,10.253903,6.831032,5.186025,-5.57122,-7.15982,18.520439,5.882528,13.354325,4.317052,14.225713,4.336604,-7.443462,7.713461,6.459777,-0.582624,-5.256835,3.517232,-3.823655,3.891856,8.962576,-6.917969,2.224165,-7.432224,-4.892173,3.82739,6.912877,9.826742,2.227135,6.991148,0.020354,-45.311088,-6.229373,12.199405,11.885496,-25.730051,-6.615135,-0.266031,-7.312259,2.862404,15.915598,-58.32685
-9.598379,-17.016292,8.155592,-13.633073,0.837889,-8.305528,0.03676,-29.374653,8.36516,-26.001962,-12.716511,-15.590845,-0.436065,-18.476438,-0.887907,-18.474243,7.824729,-14.787432,-1.336094,-6.560029,-10.414005,-18.635209,6.763178,-11.597187,2.068213,17.153186,-1.850862,4.92416,-3.794941,-14.939488,3.75103,-15.637772,-0.939402,-7.448187,-3.633075,-0.034036,15.292893,-1.681838,-2.568615,-3.893033,-26.896554,-0.515926,-6.182578,-10.142521,-2.465256,-6.786963,-19.225099,-3.685152,3.697629,-9.955713,4.772389,-5.193839,-2.962193,-22.243625,2.201731,5.239792,1.157786,6.797789,-5.619591,-16.712417,-10.530639,-22.350861,-0.870756,0.542015,-7.541754,-13.203533,-0.741164,-2.304537,-1.749242,-0.43748,2.04248,-15.495294,-4.622663,-9.138956,7.856544,4.715271,-1.452089,-2.108563,-10.762694,-3.405387,12.025119,1.949728,0.211315,-9.820048,5.394382,3.633767,-4.571927,6.415263,5.194036,-1.874519,-3.123853,6.137745,-3.123691,7.712456,-0.582917,8.501032,2.318649,2.018486,-4.970497,3.909583,7.293108,10.756752,4.279322,7.908291,5.579067,-49.295518,8.986807,7.738414,77.660622,-39.463631,-0.987818,4.772128,-13.082435,-0.846996,-0.526254,-58.910685
-20.400846,-24.839459,-1.539127,-19.962704,-6.994543,-9.985092,-7.15999,-34.808165,-5.989977,-39.019932,-28.772257,-20.814703,-17.056541,-25.786455,-16.043776,-26.508816,-6.19676,-17.876926,-16.08231,-20.942823,-19.870391,-34.307488,-3.084963,-19.447859,2.068874,13.203982,-12.699881,-5.649487,-28.049564,-22.276437,0.429628,-23.522458,-9.479185,-19.669663,-7.975942,-2.490373,2.970866,-8.338787,-8.12279,-5.923933,-42.42611,-16.999979,-15.960261,-25.736918,-7.266295,-12.209275,-22.419269,-1.417051,-9.87988,-17.44809,-3.214569,-15.555951,-5.57419,-35.554675,-3.067744,0.633935,-8.22134,-3.16668,-25.579,-28.092127,-28.534276,-39.526066,-12.06766,-8.847845,-23.327617,-15.284261,-4.606101,-1.294915,-6.729842,-17.620281,-0.604344,-17.451725,-17.040045,-15.386638,-10.546907,-2.223468,-11.903239,-13.114508,-18.282431,-3.697867,-1.449467,-6.543704,-12.022088,-22.50602,-5.376497,-1.988084,-0.816119,2.828588,2.310867,-6.25847,-3.980778,3.291843,-3.296192,8.261184,-18.722959,22.139739,-0.352536,9.63393,-9.259029,-1.313184,5.525594,9.242014,5.788224,6.684861,11.0426,-35.828852,17.08275,-4.746457,123.846779,-46.717814,7.837681,2.73945,-20.263545,-1.134834,-14.967642,-39.04095
-29.52232,-31.543715,-12.383683,-23.585901,-13.688888,-10.739511,-13.432848,-36.663238,-18.119571,-42.056527,-35.222001,-25.648975,-29.817776,-30.876542,-24.809435,-29.573343,-22.387693,-21.758716,-25.023553,-32.724583,-30.016314,-44.195778,-9.463244,-21.325477,0.751255,7.263885,-23.727343,-17.964488,-44.799687,-27.050657,-0.855391,-22.776583,-16.374228,-31.274793,-10.695552,-5.076162,-11.907484,-12.121444,-14.879334,-7.871704,-43.478823,-30.233505,-20.132658,-33.735012,-13.291184,-18.518698,-22.115588,-2.390745,-25.224244,-26.228619,-11.796942,-26.066197,-13.613127,-45.728293,-10.909842,-10.332358,-18.157503,-15.770493,-41.880013,-38.540801,-44.830934,-53.645489,-24.504254,-20.931956,-30.284045,-17.875036,-11.235501,-8.580368,-14.290091,-35.978755,-2.857197,-15.128415,-28.97641,-21.611014,-30.152857,-6.918538,-19.585453,-21.243804,-26.102069,-8.608377,-16.587977,-17.660813,-19.071495,-29.892224,-14.564297,-11.387825,1.520285,-2.120687,-1.238976,-12.46706,-7.202794,-3.366673,-3.719031,6.052782,-34.416898,28.90683,-4.52842,10.710714,-16.04769,-9.771582,2.36746,6.258254,6.138035,3.928991,15.169759,-6.281767,14.396149,-16.400147,134.82565,-41.829555,14.624208,-4.597247,-24.197052,0.70213,-23.122646,-1.130506
-32.459541,-33.679058,-18.773624,-21.919324,-16.092386,-9.520437,-15.941947,-31.596494,-23.1577,-33.814864,-30.198806,-27.412042,-33.222259,-30.992397,-25.382374,-26.110184,-33.691768,-22.466531,-26.071919,-36.46361,-34.607027,-41.907662,-10.92743,-16.582312,-1.536035,2.48085,-29.28779,-26.127767,-47.638799,-26.586029,-0.243031,-14.625458,-18.838291,-35.855395,-10.725732,-4.865273,-23.334917,-12.830622,-19.787733,-9.449126,-34.156543,-36.366115,-17.390039,-30.038721,-16.001419,-20.554535,-19.178779,-4.944492,-34.12271,-30.712345,-17.454715,-31.692715,-23.236995,-48.652466,-18.053996,-22.234672,-23.562884,-25.32115,-46.690839,-41.797966,-51.151402,-55.26702,-32.211095,-29.391762,-27.751432,-18.525704,-16.774532,-17.615008,-20.4823,-44.851342,-3.105629,-8.661659,-34.486201,-24.353211,-42.908728,-8.168303,-21.231529,-22.112745,-31.42469,-15.721104,-26.824186,-27.194138,-19.686159,-30.514436,-19.685279,-20.956288,1.015158,-7.14095,-4.377314,-17.784062,-10.378358,-9.936374,-3.601517,2.786606,-36.790509,26.854784,-8.674847,4.919802,-21.520349,-16.963552,-0.71863,3.188459,5.333489,0.972165,16.930921,30.632932,4.060635,-19.015676,111.347337,-25.099292,15.343568,-12.248735,-20.91613,2.198727,-24.183194,44.634207
-27.706652,-29.696777,-18.133595,-15.442845,-13.437479,-6.575562,-13.896765,-20.322339,-20.190877,-18.896284,-17.55552,-24.633011,-26.607521,-25.48087,-19.900122,-17.84212,-35.621508,-18.18223,-20.713149,-30.798817,-30.536605,-28.151247,-8.694408,-8.087354,-4.063689,-0.05799,-26.616492,-26.591209,-37.456244,-20.998513,0.810035,-4.293151,-16.375583,-31.247609,-8.070109,-1.178378,-27.180085,-11.892929,-20.332661,-10.104407,-22.692466,-35.524426,-10.764041,-17.982172,-13.699812,-16.596334,-15.545605,-7.074312,-32.87296,-27.873809,-18.242196,-29.885259,-29.051228,-42.838296,-21.24269,-28.998353,-21.963406,-27.760142,-38.33066,-35.186582,-43.964771,-41.943471,-31.539122,-29.76144,-19.328182,-16.196226,-18.026827,-21.738456,-22.03373,-39.076586,-1.378039,-0.908151,-31.004307,-21.960274,-44.166286,-7.26062,-17.160155,-16.154047,-32.482897,-21.414068,-28.324501,-31.15721,-15.632479,-25.871448,-19.984186,-26.495663,-1.902843,-10.782718,-6.258993,-19.68123,-11.119203,-12.809259,-2.566085,0.284324,-23.013946,17.840479,-11.627186,-3.912423,-22.561108,-19.066258,-2.450994,1.087415,3.867733,-0.928711,15.900831,61.575264,-6.714239,-10.523262,68.838115,-3.432121,9.350014,-15.767825,-10.506245,1.512965,-20.064554,82.490029
-17.635736,-20.938004,-12.038608,-7.274796,-7.715433,-3.394498,-8.835439,-7.299434,-12.366933,-4.915068,-4.280622,-17.948858,-14.275103,-16.236976,-12.439226,-8.638679,-28.747426,-10.703793,-12.612514,-19.200494,-19.636234,-10.273258,-5.234136,-0.26345,-5.981165,-1.056187,-17.442681,-19.837073,-21.300083,-13.131972,0.771544,2.608979,-10.835321,-20.438054,-3.783117,3.938972,-23.200743,-10.953538,-16.299671,-9.395372,-15.750498,-30.633304,-4.944922,-5.469234,-8.094353,-9.032433,-12.776937,-7.819836,-23.604491,-19.014035,-14.548018,-21.840924,-27.560733,-30.572033,-19.196254,-27.496655,-14.830745,-22.763171,-21.887184,-21.534351,-26.783071,-19.751592,-23.392841,-22.256154,-9.987684,-11.370064,-14.34579,-18.335049,-18.175107,-22.155162,0.891662,4.304178,-20.821458,-15.500405,-34.763311,-6.234081,-10.608785,-7.645901,-29.206519,-22.912039,-21.972614,-28.040512,-10.066022,-19.143604,-16.283589,-25.484025,-5.264105,-11.860434,-6.506737,-17.253054,-8.711621,-10.868016,-0.944725,-0.539097,-0.667538,6.304653,-12.740924,-10.614747,-18.758332,-15.409437,-2.480992,0.209333,2.310936,-1.316722,12.405187,74.221574,-11.73086,3.758028,27.708019,13.47858,-0.514725,-14.003879,2.315336,-1.315755,-13.682307,97.241979
